1    	2020-06-10T14:35:37		14.12190277 	100.30948017	7.287   	0.091673  	-0.011459 	-116.877661	13.040519 	0.040   	DSC1   	286537705 
2    	2020-06-10T14:35:40		14.12190277 	100.30948017	7.282   	0.120321  	-0.017189 	-117.135492	12.937387 	0.040   	DSC2   	286540035 
3    	2020-06-10T14:35:42		14.12190277 	100.30948017	7.283   	0.114592  	-0.045837 	-117.358945	3.586716  	0.050   	DSC3   	286542152 
4    	2020-06-10T14:44:02		14.13057162 	100.29897213	236.914 	5.047758  	4.331561  	75.893990 	85.445196 	23.950  	DSC4   	287042926 
5    	2020-06-10T14:44:04		14.13058308 	100.29921850	237.474 	5.540502  	3.128350  	76.701860 	86.562464 	24.420  	DSC5   	287044018 
6    	2020-06-10T14:44:04		14.13059454 	100.29943622	237.673 	3.466395  	1.357910  	79.131201 	87.725568 	24.880  	DSC6   	287044978 
7    	2020-06-10T14:44:05		14.13060027 	100.29965968	237.739 	2.280372  	2.091296  	78.025393 	87.920374 	25.290  	DSC7   	287045941 
8    	2020-06-10T14:44:06		14.13061173 	100.29988313	237.604 	0.905273  	1.552716  	77.882153 	87.456278 	25.720  	DSC8   	287046898 
9    	2020-06-10T14:44:07		14.13062319 	100.30010658	237.030 	0.687549  	3.907572  	77.160226 	87.049478 	25.980  	DSC9   	287047820 
10   	2020-06-10T14:44:08		14.13063465 	100.30033004	237.238 	1.403747  	2.469448  	77.028446 	86.367658 	26.020  	DSC10  	287048739 
11   	2020-06-10T14:44:09		14.13064611 	100.30055349	237.277 	2.062648  	3.151268  	77.183145 	86.144204 	26.190  	DSC11  	287049662 
12   	2020-06-10T14:44:10		14.13065757 	100.30076549	237.644 	2.457989  	2.056918  	76.312249 	86.081179 	26.280  	DSC12  	287050559 
13   	2020-06-10T14:44:11		14.13067475 	100.30099467	238.349 	1.776169  	1.443854  	75.097578 	86.172852 	26.330  	DSC13  	287051479 
14   	2020-06-10T14:44:12		14.13069194 	100.30121239	238.559 	1.501149  	0.412530  	75.074660 	85.640002 	26.290  	DSC14  	287052379 
15   	2020-06-10T14:44:13		14.13070340 	100.30143585	238.660 	2.137133  	0.532851  	73.865719 	85.296227 	26.200  	DSC15  	287053300 
16   	2020-06-10T14:44:14		14.13072059 	100.30165357	238.385 	4.663876  	-0.418259 	75.292384 	85.662920 	26.190  	DSC16  	287054218 
17   	2020-06-10T14:44:15		14.13073778 	100.30187702	237.855 	4.830034  	1.575634  	77.710266 	87.015100 	26.290  	DSC17  	287055115 
18   	2020-06-10T14:44:16		14.13074351 	100.30209475	237.337 	1.862113  	1.380828  	78.970773 	87.444819 	26.310  	DSC18  	287056018 
19   	2020-06-10T14:44:16		14.13075497 	100.30231820	237.462 	0.951110  	1.014135  	78.437922 	87.421900 	26.230  	DSC19  	287056942 
20   	2020-06-10T14:44:17		14.13076643 	100.30253593	237.621 	0.211994  	1.489690  	77.022716 	86.871861 	26.190  	DSC20  	287057839 
21   	2020-06-10T14:44:18		14.13077789 	100.30275938	237.975 	-1.357910 	-0.395341 	72.043713 	85.428007 	26.260  	DSC21  	287058759 
22   	2020-06-10T14:44:19		14.13080081 	100.30297710	238.388 	2.561121  	-0.509932 	70.061279 	84.012802 	26.070  	DSC22  	287059661 
23   	2020-06-10T14:44:20		14.13081799 	100.30320056	237.820 	4.692524  	-0.704738 	74.404299 	84.379494 	26.320  	DSC23  	287060579 
24   	2020-06-10T14:44:21		14.13084091 	100.30341828	237.658 	3.729955  	-0.005730 	75.985663 	85.279038 	26.460  	DSC24  	287061479 
25   	2020-06-10T14:44:22		14.13085810 	100.30364746	237.456 	4.944626  	0.057296  	76.604457 	86.172852 	26.650  	DSC25  	287062418 
26   	2020-06-10T14:44:23		14.13086956 	100.30386519	237.444 	2.429341  	0.504203  	76.088795 	86.642678 	26.770  	DSC26  	287063302 
27   	2020-06-10T14:44:24		14.13088102 	100.30408291	237.465 	1.690225  	-0.538580 	76.100254 	86.699974 	26.770  	DSC27  	287064175 
28   	2020-06-10T14:44:25		14.13089248 	100.30430637	237.166 	0.366693  	1.122997  	75.177792 	86.155664 	26.690  	DSC28  	287065075 
29   	2020-06-10T14:44:25		14.13090967 	100.30452409	237.057 	1.524068  	0.550039  	74.725156 	85.806159 	26.500  	DSC29  	287065980 
30   	2020-06-10T14:44:26		14.13092113 	100.30474181	236.894 	2.257454  	1.885031  	74.805370 	85.468114 	26.240  	DSC30  	287066878 
31   	2020-06-10T14:44:27		14.13093832 	100.30497100	236.757 	1.804817  	2.876248  	71.453567 	85.674379 	25.990  	DSC31  	287067818 
32   	2020-06-10T14:44:28		14.13095550 	100.30518299	237.036 	3.506502  	2.664254  	71.453567 	85.903562 	25.550  	DSC32  	287068720 
33   	2020-06-10T14:44:29		14.13097269 	100.30540644	236.986 	3.225752  	5.082136  	71.407730 	86.132745 	25.280  	DSC33  	287069660 
34   	2020-06-10T14:44:30		14.13098415 	100.30562417	237.154 	2.767386  	2.755927  	75.023094 	86.585382 	25.050  	DSC34  	287070618 
35   	2020-06-10T14:44:31		14.13099561 	100.30584189	236.584 	0.544310  	6.061893  	74.616294 	86.459331 	24.770  	DSC35  	287071560 
36   	2020-06-10T14:44:32		14.13101280 	100.30606535	236.462 	0.762034  	5.729578  	72.645319 	85.422278 	24.610  	DSC36  	287072538 
37   	2020-06-10T14:44:33		14.13102999 	100.30628307	236.478 	0.320856  	5.351426  	70.193059 	85.038396 	24.590  	DSC37  	287073500 
38   	2020-06-10T14:44:34		14.13104718 	100.30650652	236.777 	3.810169  	6.657770  	69.184654 	84.064368 	24.640  	DSC38  	287074481 
39   	2020-06-10T14:44:35		14.13107010 	100.30672425	237.298 	4.795657  	4.360209  	69.797719 	84.843590 	24.890  	DSC39  	287075436 
40   	2020-06-10T14:44:36		14.13108728 	100.30694770	238.295 	6.090541  	2.125673  	73.607888 	85.955128 	25.000  	DSC40  	287076418 
41   	2020-06-10T14:44:37		14.13109874 	100.30717115	238.728 	3.288778  	1.249048  	73.252654 	86.883320 	25.250  	DSC41  	287077380 
42   	2020-06-10T14:44:38		14.13111020 	100.30738888	239.264 	3.512231  	-0.762034 	74.685049 	86.751540 	25.210  	DSC42  	287078319 
43   	2020-06-10T14:44:39		14.13112166 	100.30761233	238.795 	4.308643  	0.882355  	77.458164 	86.946345 	25.230  	DSC43  	287079259 
44   	2020-06-10T14:44:40		14.13113312 	100.30783579	238.480 	1.753251  	-0.137510 	76.375274 	87.192717 	25.170  	DSC44  	287080218 
45   	2020-06-10T14:44:41		14.13114458 	100.30805351	237.791 	0.847978  	1.833465  	75.235088 	86.785917 	25.070  	DSC45  	287081155 
46   	2020-06-10T14:44:42		14.13115604 	100.30827696	237.673 	-0.412530 	2.492366  	72.536457 	85.628542 	24.850  	DSC46  	287082117 
47   	2020-06-10T14:44:43		14.13117896 	100.30849469	237.512 	2.853330  	1.403747  	74.157927 	84.803483 	24.730  	DSC47  	287083076 
48   	2020-06-10T14:44:44		14.13119615 	100.30871241	236.871 	3.288778  	3.185645  	74.960068 	85.147258 	24.820  	DSC48  	287084034 
49   	2020-06-10T14:44:45		14.13121334 	100.30894159	236.896 	3.386181  	3.317426  	75.114767 	85.542599 	24.800  	DSC49  	287085018 
50   	2020-06-10T14:44:45		14.13123052 	100.30915932	236.877 	5.007651  	2.543933  	78.036852 	86.224419 	24.970  	DSC50  	287085979 
51   	2020-06-10T14:44:46		14.13124198 	100.30937704	237.133 	1.512609  	2.927814  	76.971150 	86.768728 	25.090  	DSC51  	287086918 
52   	2020-06-10T14:44:47		14.13124771 	100.30953747	237.057 	-1.850654 	3.202834  	76.163280 	86.109827 	25.190  	DSC52  	287087623 
53   	2020-06-10T14:45:33		14.13048568 	100.30966352	237.209 	2.400693  	3.397640  	-110.128218	-95.454769	17.340  	DSC53  	287133044 
54   	2020-06-10T14:45:34		14.13046276 	100.30942861	236.478 	3.924761  	3.999245  	-107.481153	-95.139642	17.460  	DSC54  	287134519 
55   	2020-06-10T14:45:35		14.13045130 	100.30920515	236.100 	2.727279  	5.930113  	-105.395586	-93.134290	17.760  	DSC55  	287135881 
56   	2020-06-10T14:45:37		14.13043984 	100.30898170	236.400 	1.546986  	5.454558  	-102.748521	-93.758814	17.900  	DSC56  	287137220 
57   	2020-06-10T14:45:38		14.13042265 	100.30876398	237.421 	3.374721  	4.062271  	-103.676713	-94.681276	17.970  	DSC57  	287138555 
58   	2020-06-10T14:45:39		14.13040546 	100.30854052	238.049 	3.197104  	3.500772  	-103.848600	-94.102588	18.290  	DSC58  	287139878 
59   	2020-06-10T14:45:41		14.13039401 	100.30832280	238.140 	3.323155  	2.996569  	-104.100702	-93.924971	18.540  	DSC59  	287141175 
60   	2020-06-10T14:45:42		14.13038255 	100.30809362	237.797 	1.890761  	3.122620  	-103.917355	-93.088453	18.770  	DSC60  	287142480 
61   	2020-06-10T14:45:43		14.13037109 	100.30787589	237.655 	1.334992  	2.394964  	-104.627823	-93.833298	18.760  	DSC61  	287143738 
62   	2020-06-10T14:45:45		14.13035390 	100.30765244	237.674 	3.873195  	2.876248  	-101.665631	-94.549495	18.780  	DSC62  	287145018 
63   	2020-06-10T14:45:46		14.13033671 	100.30743471	237.861 	3.449206  	2.641335  	-102.748521	-94.194262	18.760  	DSC63  	287146279 
64   	2020-06-10T14:45:47		14.13032525 	100.30721126	238.152 	3.884654  	1.684496  	-103.086566	-93.397850	18.870  	DSC64  	287147558 
65   	2020-06-10T14:45:48		14.13031379 	100.30699354	238.194 	1.420935  	0.933921  	-99.809248	-93.145749	18.690  	DSC65  	287148818 
66   	2020-06-10T14:45:50		14.13030233 	100.30677581	238.456 	2.446530  	1.312073  	-102.725603	-93.208774	18.520  	DSC66  	287150093 
67   	2020-06-10T14:45:51		14.13029087 	100.30654663	239.028 	0.527121  	-1.667307 	-102.639659	-93.323366	18.320  	DSC67  	287151418 
68   	2020-06-10T14:45:52		14.13027368 	100.30633464	239.279 	2.228806  	-3.002299 	-101.591147	-95.483417	17.970  	DSC68  	287152701 
69   	2020-06-10T14:45:54		14.13025650 	100.30611118	239.014 	5.672282  	-3.008028 	-98.726358	-93.798921	17.840  	DSC69  	287154018 
70   	2020-06-10T14:45:55		14.13024504 	100.30589346	238.290 	3.609634  	-1.443854 	-96.996025	-92.028481	17.660  	DSC70  	287155360 
71   	2020-06-10T14:45:56		14.13023931 	100.30567573	237.974 	-0.779223 	-1.575634 	-102.032324	-91.272177	17.340  	DSC71  	287156719 
72   	2020-06-10T14:45:58		14.13022785 	100.30545228	238.038 	-0.303668 	-1.816276 	-107.704606	-94.635439	16.790  	DSC72  	287158115 
73   	2020-06-10T14:45:59		14.13021639 	100.30523456	236.848 	3.787251  	-0.057296 	-105.126296	-93.930701	16.430  	DSC73  	287159538 
74   	2020-06-10T14:46:01		14.13020493 	100.30501110	234.702 	-3.718496 	4.652417  	-103.762657	-94.148425	16.170  	DSC74  	287161018 
75   	2020-06-10T14:46:02		14.13017628 	100.30479338	234.801 	0.716197  	5.975950  	-110.408967	-99.133158	15.810  	DSC75  	287162500 
76   	2020-06-10T14:46:04		14.13014763 	100.30456993	234.921 	5.569150  	7.477099  	-107.423857	-97.454391	16.490  	DSC76  	287164018 
77   	2020-06-10T14:46:05		14.13012472 	100.30435220	237.049 	5.173809  	3.615364  	-104.799710	-94.835974	17.100  	DSC77  	287165439 
78   	2020-06-10T14:46:06		14.13011326 	100.30412302	238.089 	2.532473  	2.652795  	-102.863113	-93.850487	17.830  	DSC78  	287166839 
79   	2020-06-10T14:46:08		14.13009607 	100.30390529	238.323 	2.927814  	1.386558  	-103.596499	-93.753084	18.240  	DSC79  	287168154 
80   	2020-06-10T14:46:09		14.13008461 	100.30368184	238.077 	2.068378  	1.862113  	-105.005975	-93.718707	18.390  	DSC80  	287169478 
81   	2020-06-10T14:46:10		14.13006742 	100.30345839	238.146 	4.686795  	1.810547  	-102.404747	-93.810380	18.380  	DSC81  	287170778 
82   	2020-06-10T14:46:12		14.13005596 	100.30324066	237.366 	2.303290  	4.033623  	-102.628200	-92.727490	18.320  	DSC82  	287172074 
83   	2020-06-10T14:46:13		14.13005023 	100.30302294	236.921 	1.804817  	5.213916  	-104.123620	-93.495253	18.140  	DSC83  	287173378 
84   	2020-06-10T14:46:14		14.13003304 	100.30279949	236.951 	2.440800  	4.532096  	-105.206510	-94.154154	18.080  	DSC84  	287174698 
85   	2020-06-10T14:46:16		14.13001585 	100.30257603	237.127 	2.349127  	4.027893  	-106.822251	-94.257287	18.080  	DSC85  	287176018 
86   	2020-06-10T14:46:17		14.13000439 	100.30235831	237.069 	2.675713  	5.276941  	-105.957085	-94.331771	18.240  	DSC86  	287177340 
87   	2020-06-10T14:46:18		14.12998721 	100.30213486	237.787 	1.959516  	3.775792  	-107.704606	-94.721383	18.410  	DSC87  	287178658 
88   	2020-06-10T14:46:19		14.12997002 	100.30191713	238.148 	3.156997  	2.263183  	-103.029271	-95.219856	18.710  	DSC88  	287179937 
89   	2020-06-10T14:46:21		14.12995283 	100.30169368	238.459 	5.116513  	0.784952  	-98.835220	-93.357743	19.020  	DSC89  	287181218 
90   	2020-06-10T14:46:22		14.12994137 	100.30147022	238.649 	3.174186  	-0.630254 	-99.505580	-92.658735	19.130  	DSC90  	287182480 
91   	2020-06-10T14:46:23		14.12992991 	100.30125250	238.864 	2.372045  	-1.329262 	-99.769141	-92.738949	19.020  	DSC91  	287183718 
92   	2020-06-10T14:46:24		14.12992418 	100.30102905	239.057 	2.584040  	-0.991217 	-99.465473	-92.074318	19.050  	DSC92  	287184979 
93   	2020-06-10T14:46:26		14.12991272 	100.30081132	239.440 	0.068755  	-1.936597 	-101.734386	-93.105642	19.050  	DSC93  	287186221 
94   	2020-06-10T14:46:27		14.12990126 	100.30058787	239.178 	0.819330  	-2.733009 	-97.454391	-92.801974	19.150  	DSC94  	287187480 
95   	2020-06-10T14:46:28		14.12988980 	100.30036442	238.479 	-1.770440 	-3.540879 	-101.688549	-94.824515	19.020  	DSC95  	287188738 
96   	2020-06-10T14:46:29		14.12986688 	100.30014669	237.929 	3.363262  	-4.337291 	-98.800842	-96.583496	18.860  	DSC96  	287189978 
97   	2020-06-10T14:46:31		14.12984970 	100.29992897	237.886 	3.334614  	-4.045082 	-101.562499	-94.486470	18.790  	DSC97  	287191240 
98   	2020-06-10T14:46:32		14.12983251 	100.29970551	238.012 	2.572581  	-3.701307 	-99.030025	-94.051022	18.620  	DSC98  	287192518 
99   	2020-06-10T14:46:33		14.12982105 	100.29948206	238.660 	0.784952  	-4.279995 	-103.900167	-93.942160	18.300  	DSC99  	287193818 
100  	2020-06-10T14:46:35		14.12980386 	100.29927007	237.877 	1.025594  	-1.254778 	-101.751575	-93.753084	17.670  	DSC100 	287195115 
101  	2020-06-10T14:46:36		14.12978667 	100.29904661	237.721 	-1.197482 	-1.151645 	-105.132026	-95.065157	17.080  	DSC101 	287196479 
102  	2020-06-10T14:46:37		14.12976948 	100.29885754	237.035 	5.099324  	0.263561  	-107.022787	-95.993349	16.680  	DSC102 	287197718 
103  	2020-06-10T14:47:21		14.12904183 	100.29913829	238.620 	2.750197  	2.618417  	86.304633 	84.270633 	25.540  	DSC103 	287241963 
104  	2020-06-10T14:47:22		14.12906474 	100.29937893	238.549 	1.546986  	3.649741  	85.072773 	84.585759 	25.390  	DSC104 	287242979 
105  	2020-06-10T14:47:23		14.12908193 	100.29960238	238.463 	2.331938  	2.973651  	84.505545 	84.087286 	25.310  	DSC105 	287243920 
106  	2020-06-10T14:47:24		14.12910485 	100.29982011	238.368 	3.615364  	2.710090  	84.837861 	84.390954 	25.290  	DSC106 	287244859 
107  	2020-06-10T14:47:25		14.12912777 	100.30004356	237.980 	3.260130  	2.412152  	85.284768 	84.740458 	25.240  	DSC107 	287245818 
108  	2020-06-10T14:47:26		14.12914496 	100.30026128	237.931 	5.374344  	2.429341  	88.212582 	85.725945 	25.290  	DSC108 	287246761 
109  	2020-06-10T14:47:27		14.12915642 	100.30048474	238.608 	3.391910  	-0.085944 	87.588058 	86.321821 	25.280  	DSC109 	287247700 
110  	2020-06-10T14:47:28		14.12917361 	100.30070246	238.924 	2.337668  	0.183346  	87.473467 	86.104097 	25.310  	DSC110 	287248638 
111  	2020-06-10T14:47:29		14.12918506 	100.30092591	238.943 	3.019488  	-1.913679 	88.539168 	86.155664 	25.160  	DSC111 	287249578 
112  	2020-06-10T14:47:30		14.12920225 	100.30114364	238.943 	2.801764  	-2.148592 	88.659489 	86.780188 	25.080  	DSC112 	287250520 
113  	2020-06-10T14:47:31		14.12921371 	100.30136709	239.167 	1.724603  	-2.727279 	92.114425 	87.341686 	24.950  	DSC113 	287251478 
114  	2020-06-10T14:47:32		14.12922517 	100.30159055	239.622 	0.521392  	-3.695578 	90.172098 	87.267202 	24.920  	DSC114 	287252438 
115  	2020-06-10T14:47:33		14.12923663 	100.30181400	239.937 	-0.166158 	-4.406045 	88.585005 	85.943669 	25.060  	DSC115 	287253418 
116  	2020-06-10T14:47:34		14.12925382 	100.30202599	240.164 	2.887707  	-5.706660 	88.321444 	86.018154 	24.940  	DSC116 	287254341 
117  	2020-06-10T14:47:35		14.12926528 	100.30224945	240.610 	3.317426  	-7.608880 	89.856971 	86.734351 	25.050  	DSC117 	287255298 
118  	2020-06-10T14:47:36		14.12927674 	100.30247290	240.366 	2.131403  	-6.749443 	88.384469 	87.840160 	25.010  	DSC118 	287256258 
119  	2020-06-10T14:47:37		14.12928820 	100.30269635	240.125 	-1.587093 	-7.253646 	84.499816 	86.906238 	25.140  	DSC119 	287257218 
120  	2020-06-10T14:47:38		14.12929966 	100.30291408	240.027 	0.635983  	-7.666175 	84.150311 	85.720216 	25.000  	DSC120 	287258155 
121  	2020-06-10T14:47:39		14.12931684 	100.30313753	239.108 	1.380828  	-5.838440 	82.397061 	85.645731 	24.860  	DSC121 	287259120 
122  	2020-06-10T14:47:40		14.12933403 	100.30335526	238.198 	-1.833465 	-4.171133 	80.918829 	84.671703 	24.620  	DSC122 	287260073 
123  	2020-06-10T14:47:41		14.12935695 	100.30357298	237.840 	5.299860  	-5.494665 	80.666728 	84.093016 	24.190  	DSC123 	287261034 
124  	2020-06-10T14:47:42		14.12937414 	100.30379070	237.067 	4.182592  	-3.558068 	82.104852 	85.771782 	24.050  	DSC124 	287262035 
125  	2020-06-10T14:47:43		14.12939133 	100.30401416	236.776 	3.523690  	-4.852953 	85.554058 	86.579652 	23.850  	DSC125 	287263033 
126  	2020-06-10T14:47:44		14.12940279 	100.30423761	236.238 	1.363640  	-2.767386 	86.889050 	87.244283 	23.880  	DSC126 	287264032 
127  	2020-06-10T14:47:45		14.12941425 	100.30445533	236.069 	-0.435448 	-3.598175 	86.596841 	86.711433 	23.940  	DSC127 	287265033 
128  	2020-06-10T14:47:46		14.12942571 	100.30467306	235.416 	2.681442  	-1.495420 	88.521979 	86.608300 	24.080  	DSC128 	287266018 
129  	2020-06-10T14:47:47		14.12943717 	100.30489651	234.513 	1.930868  	-2.108485 	85.198824 	87.318768 	24.000  	DSC129 	287267018 
130  	2020-06-10T14:47:48		14.12944863 	100.30511997	233.771 	2.555392  	2.205888  	86.413495 	86.837483 	24.200  	DSC130 	287268018 
131  	2020-06-10T14:47:49		14.12946008 	100.30534342	234.055 	1.483961  	3.443476  	86.648407 	86.711433 	24.410  	DSC131 	287269018 
132  	2020-06-10T14:47:50		14.12947727 	100.30556687	234.883 	0.567228  	3.116890  	84.070097 	86.568193 	24.490  	DSC132 	287270018 
133  	2020-06-10T14:47:50		14.12948873 	100.30578460	235.730 	2.589769  	4.910248  	79.698429 	85.353523 	24.500  	DSC133 	287270978 
134  	2020-06-10T14:47:51		14.12951165 	100.30600232	236.281 	1.844924  	3.758603  	80.901641 	85.055585 	24.690  	DSC134 	287271939 
135  	2020-06-10T14:47:52		14.12952884 	100.30622577	237.062 	5.254023  	3.036676  	83.823725 	85.261849 	24.710  	DSC135 	287272918 
136  	2020-06-10T14:47:53		14.12954603 	100.30644350	237.271 	2.194428  	2.773116  	83.984154 	85.697297 	25.010  	DSC136 	287273878 
137  	2020-06-10T14:47:54		14.12956322 	100.30666695	237.301 	3.191375  	2.927814  	84.757647 	86.075450 	25.180  	DSC137 	287274838 
138  	2020-06-10T14:47:55		14.12957468 	100.30689613	237.250 	3.953409  	4.583662  	83.743511 	86.121286 	25.430  	DSC138 	287275818 
139  	2020-06-10T14:47:56		14.12959186 	100.30711386	237.367 	3.781521  	3.386181  	82.219444 	86.424954 	25.660  	DSC139 	287276738 
140  	2020-06-10T14:47:57		14.12960332 	100.30733158	237.810 	2.761657  	1.684496  	86.316092 	86.785917 	25.800  	DSC140 	287277659 
141  	2020-06-10T14:47:58		14.12961478 	100.30754931	238.004 	1.134456  	2.750197  	87.668272 	87.152610 	25.970  	DSC141 	287278577 
142  	2020-06-10T14:47:59		14.12962624 	100.30777849	238.645 	2.394964  	0.154699  	87.181258 	86.934886 	25.980  	DSC142 	287279519 
143  	2020-06-10T14:48:00		14.12963770 	100.30799048	238.867 	1.621471  	-0.446907 	87.719838 	86.722892 	26.130  	DSC143 	287280419 
144  	2020-06-10T14:48:01		14.12964916 	100.30821394	239.097 	1.254778  	-1.369369 	86.109827 	86.711433 	26.170  	DSC144 	287281339 
145  	2020-06-10T14:48:02		14.12966635 	100.30843739	239.006 	2.119944  	-1.420935 	83.709134 	86.361928 	26.300  	DSC145 	287282260 
146  	2020-06-10T14:48:03		14.12967781 	100.30866084	239.272 	2.394964  	-2.824682 	83.227849 	85.857726 	26.370  	DSC146 	287283156 
147  	2020-06-10T14:48:04		14.12969500 	100.30887857	238.670 	3.111161  	-2.853330 	88.453224 	86.350469 	26.510  	DSC147 	287284054 
148  	2020-06-10T14:48:04		14.12970646 	100.30910202	238.371 	-0.395341 	-2.853330 	84.327928 	86.499438 	26.530  	DSC148 	287284958 
149  	2020-06-10T14:48:05		14.12972364 	100.30931975	238.202 	0.469825  	-3.053865 	83.422655 	85.542599 	26.480  	DSC149 	287285859 
150  	2020-06-10T14:48:06		14.12974083 	100.30954320	238.769 	3.735685  	-4.801386 	82.328306 	85.238931 	26.580  	DSC150 	287286760 
151  	2020-06-10T14:48:54		14.12898453 	100.30980676	239.303 	0.796411  	-6.319724 	-103.132403	-93.099912	18.460  	DSC151 	287334373 
152  	2020-06-10T14:48:55		14.12897307 	100.30957185	238.928 	2.079837  	-5.225375 	-102.227130	-93.094183	17.990  	DSC152 	287335757 
153  	2020-06-10T14:48:57		14.12896161 	100.30934839	238.939 	1.375099  	-4.652417 	-101.476555	-92.400904	17.620  	DSC153 	287337076 
154  	2020-06-10T14:48:58		14.12895588 	100.30913067	238.391 	1.621471  	-3.861736 	-103.000623	-91.856594	16.890  	DSC154 	287338461 
155  	2020-06-10T14:48:59		14.12894442 	100.30891295	237.064 	-1.724603 	-2.904896 	-105.378398	-93.042616	16.100  	DSC155 	287339899 
156  	2020-06-10T14:49:01		14.12893296 	100.30868949	235.344 	0.292208  	-0.114592 	-109.062516	-94.853163	15.150  	DSC156 	287341418 
157  	2020-06-10T14:49:03		14.12891577 	100.30847177	234.464 	0.509932  	-0.498473 	-106.088865	-93.942160	14.590  	DSC157 	287343018 
158  	2020-06-10T14:49:04		14.12890432 	100.30825404	233.741 	0.349504  	2.698631  	-108.415074	-94.314583	14.650  	DSC158 	287344637 
159  	2020-06-10T14:49:06		14.12888713 	100.30803059	233.891 	1.862113  	5.076406  	-107.750443	-95.305800	15.430  	DSC159 	287346239 
160  	2020-06-10T14:49:07		14.12886421 	100.30780714	234.788 	2.188699  	7.156243  	-107.595744	-95.958972	16.210  	DSC160 	287347782 
161  	2020-06-10T14:49:09		14.12884702 	100.30758368	236.543 	2.933544  	4.446152  	-109.589637	-95.769895	16.890  	DSC161 	287349242 
162  	2020-06-10T14:49:10		14.12882410 	100.30736596	237.681 	4.050812  	4.039352  	-111.640826	-96.405879	17.560  	DSC162 	287350640 
163  	2020-06-10T14:49:12		14.12880118 	100.30713678	238.380 	5.901465  	2.813223  	-108.581232	-95.110994	18.140  	DSC163 	287352018 
164  	2020-06-10T14:49:13		14.12878399 	100.30691905	238.489 	4.079460  	3.500772  	-106.209186	-94.314583	18.310  	DSC164 	287353318 
165  	2020-06-10T14:49:14		14.12877253 	100.30669560	240.169 	2.114214  	-1.781899 	-104.089243	-92.538413	18.140  	DSC165 	287354618 
166  	2020-06-10T14:49:15		14.12876108 	100.30647788	240.784 	2.223076  	-3.695578 	-101.608335	-92.647275	17.850  	DSC166 	287355938 
167  	2020-06-10T14:49:17		14.12874962 	100.30626015	241.038 	2.268913  	-5.236834 	-104.112161	-93.758814	17.510  	DSC167 	287357278 
168  	2020-06-10T14:49:18		14.12873816 	100.30603670	239.784 	2.595499  	-3.552338 	-103.264183	-92.779056	17.260  	DSC168 	287358641 
169  	2020-06-10T14:49:20		14.12872670 	100.30581324	239.377 	2.142862  	-4.795657 	-104.713767	-92.458199	17.190  	DSC169 	287360018 
170  	2020-06-10T14:49:21		14.12871524 	100.30559552	237.649 	0.939651  	-2.354857 	-104.960138	-92.830622	16.870  	DSC170 	287361418 
171  	2020-06-10T14:49:22		14.12870378 	100.30537780	236.812 	0.979758  	-3.437747 	-106.696201	-93.959349	16.540  	DSC171 	287362818 
172  	2020-06-10T14:49:24		14.12868659 	100.30516007	236.302 	3.443476  	-2.853330 	-106.931113	-94.314583	16.440  	DSC172 	287364257 
173  	2020-06-10T14:49:25		14.12867513 	100.30493662	236.744 	3.861736  	-2.114214 	-103.923085	-94.039563	16.560  	DSC173 	287365717 
174  	2020-06-10T14:49:27		14.12866367 	100.30471317	235.850 	3.030947  	1.592823  	-101.528121	-92.538413	16.800  	DSC174 	287367133 
175  	2020-06-10T14:49:28		14.12865221 	100.30449544	234.855 	1.042783  	4.188321  	-102.003676	-92.853540	16.940  	DSC175 	287368557 
176  	2020-06-10T14:49:29		14.12863503 	100.30427199	235.037 	-0.275020 	5.116513  	-107.011327	-95.787084	16.990  	DSC176 	287369980 
177  	2020-06-10T14:49:31		14.12861211 	100.30404853	235.933 	4.176862  	5.385803  	-104.083513	-96.285557	17.140  	DSC177 	287371418 
178  	2020-06-10T14:49:32		14.12859492 	100.30383081	236.879 	2.692902  	5.494665  	-109.721418	-95.311529	17.490  	DSC178 	287372777 
179  	2020-06-10T14:49:34		14.12857200 	100.30360736	236.975 	6.090541  	5.173809  	-103.178240	-94.962025	17.780  	DSC179 	287374152 
180  	2020-06-10T14:49:35		14.12856054 	100.30338390	237.234 	2.412152  	4.388857  	-107.870764	-92.916566	17.950  	DSC180 	287375497 
181  	2020-06-10T14:49:36		14.12854908 	100.30316618	237.672 	2.240265  	3.689848  	-105.796657	-92.824892	18.140  	DSC181 	287376818 
182  	2020-06-10T14:49:38		14.12853762 	100.30294846	238.166 	2.079837  	3.265859  	-105.407046	-93.598385	18.160  	DSC182 	287378132 
183  	2020-06-10T14:49:39		14.12852043 	100.30272500	238.025 	2.601228  	3.896113  	-105.515908	-93.856216	18.290  	DSC183 	287379460 
184  	2020-06-10T14:49:40		14.12850897 	100.30250155	237.836 	2.578310  	2.962192  	-106.673282	-94.136966	18.360  	DSC184 	287380778 
185  	2020-06-10T14:49:42		14.12849179 	100.30228382	237.553 	3.432017  	3.621093  	-106.140432	-93.621304	18.440  	DSC185 	287382052 
186  	2020-06-10T14:49:43		14.12848033 	100.30206037	237.682 	2.692902  	3.666930  	-106.547232	-93.512442	18.310  	DSC186 	287383359 
187  	2020-06-10T14:49:44		14.12846887 	100.30183692	237.898 	1.661578  	3.363262  	-106.530043	-93.592656	18.210  	DSC187 	287384659 
188  	2020-06-10T14:49:45		14.12845168 	100.30161919	237.840 	2.171510  	3.861736  	-109.331806	-94.028104	18.040  	DSC188 	287385979 
189  	2020-06-10T14:49:47		14.12844022 	100.30140147	237.874 	2.801764  	2.675713  	-107.607204	-93.999456	17.880  	DSC189 	287387299 
190  	2020-06-10T14:49:48		14.12842303 	100.30117802	237.790 	2.394964  	2.182969  	-108.472370	-93.753084	17.730  	DSC190 	287388637 
191  	2020-06-10T14:49:50		14.12841157 	100.30094883	237.579 	2.647065  	2.899166  	-109.137001	-93.816109	17.620  	DSC191 	287390018 
192  	2020-06-10T14:49:51		14.12839438 	100.30073684	236.840 	1.913679  	4.520637  	-109.045328	-94.005185	17.590  	DSC192 	287391339 
193  	2020-06-10T14:49:52		14.12837719 	100.30051338	236.553 	1.999623  	6.199403  	-109.119812	-94.698464	17.520  	DSC193 	287392698 
194  	2020-06-10T14:49:54		14.12836001 	100.30029566	236.789 	3.810169  	5.511854  	-108.925006	-95.082346	17.560  	DSC194 	287394052 
195  	2020-06-10T14:49:55		14.12834282 	100.30007794	237.057 	3.093972  	5.930113  	-107.910871	-94.285935	17.640  	DSC195 	287395419 
196  	2020-06-10T14:49:56		14.12832563 	100.29985448	237.209 	3.752874  	6.159296  	-108.036922	-93.936431	17.770  	DSC196 	287396780 
197  	2020-06-10T14:49:58		14.12831417 	100.29963103	237.826 	2.400693  	4.377398  	-108.048381	-93.432228	17.940  	DSC197 	287398113 
198  	2020-06-10T14:49:59		14.12830271 	100.29941331	238.178 	2.538203  	3.214293  	-108.409344	-93.472335	18.150  	DSC198 	287399440 
199  	2020-06-10T14:50:00		14.12828552 	100.29918985	238.404 	3.008028  	2.016811  	-108.042651	-93.965078	18.390  	DSC199 	287400760 
200  	2020-06-10T14:50:44		14.12755213 	100.29935601	237.703 	2.182969  	3.432017  	85.491033 	83.405466 	25.230  	DSC200 	287444125 
201  	2020-06-10T14:50:45		14.12758078 	100.29959665	237.575 	2.841871  	2.429341  	84.402413 	83.382548 	25.230  	DSC201 	287445156 
202  	2020-06-10T14:50:46		14.12760370 	100.29982011	237.233 	3.804440  	3.139809  	84.064368 	83.577354 	25.150  	DSC202 	287446115 
203  	2020-06-10T14:50:47		14.12762662 	100.30003783	237.020 	5.334237  	4.119567  	86.012424 	84.282092 	25.200  	DSC203 	287447053 
204  	2020-06-10T14:50:48		14.12764381 	100.30026701	236.954 	4.417505  	3.838817  	86.986452 	85.290497 	25.220  	DSC204 	287448018 
205  	2020-06-10T14:50:48		14.12766100 	100.30048474	237.167 	4.119567  	4.543555  	87.949022 	85.874914 	25.120  	DSC205 	287448961 
206  	2020-06-10T14:50:49		14.12767819 	100.30070246	237.367 	3.420558  	4.045082  	87.542222 	86.247337 	25.110  	DSC206 	287449900 
207  	2020-06-10T14:50:50		14.12768964 	100.30092591	237.722 	2.904896  	3.317426  	87.078126 	86.447872 	24.990  	DSC207 	287450858 
208  	2020-06-10T14:50:51		14.12770683 	100.30114364	237.533 	3.409099  	4.056541  	87.633895 	86.201500 	25.010  	DSC208 	287451818 
209  	2020-06-10T14:50:52		14.12771829 	100.30136136	237.528 	4.085189  	3.764333  	89.971563 	86.974993 	24.960  	DSC209 	287452757 
210  	2020-06-10T14:50:53		14.12772975 	100.30158482	237.561 	1.678766  	4.027893  	88.756892 	87.238554 	24.980  	DSC210 	287453719 
211  	2020-06-10T14:50:54		14.12774121 	100.30180827	237.742 	2.360586  	3.317426  	87.095314 	86.631219 	24.990  	DSC211 	287454678 
212  	2020-06-10T14:50:55		14.12775840 	100.30202599	237.843 	2.870519  	3.580986  	87.794323 	86.212959 	25.110  	DSC212 	287455637 
213  	2020-06-10T14:50:56		14.12776986 	100.30224945	237.854 	3.466395  	2.097026  	88.172475 	86.419224 	25.220  	DSC213 	287456579 
214  	2020-06-10T14:50:57		14.12778705 	100.30246717	237.689 	2.916355  	2.985110  	88.544898 	86.465061 	25.290  	DSC214 	287457519 
215  	2020-06-10T14:50:58		14.12779851 	100.30269062	237.463 	2.807493  	3.540879  	87.525033 	86.436413 	25.500  	DSC215 	287458478 
216  	2020-06-10T14:50:59		14.12781570 	100.30291408	237.609 	3.231482  	2.515285  	86.407765 	86.384847 	25.530  	DSC216 	287459418 
217  	2020-06-10T14:51:00		14.12782715 	100.30313180	237.443 	3.546609  	3.237212  	87.232824 	86.344740 	25.590  	DSC217 	287460337 
218  	2020-06-10T14:51:01		14.12784434 	100.30335526	237.061 	3.775792  	4.434693  	87.186988 	86.579652 	25.600  	DSC218 	287461276 
219  	2020-06-10T14:51:02		14.12785580 	100.30357871	237.028 	3.145538  	4.669606  	87.691191 	86.717162 	25.420  	DSC219 	287462218 
220  	2020-06-10T14:51:03		14.12786726 	100.30379643	236.976 	3.168457  	5.620716  	87.284391 	86.808836 	25.340  	DSC220 	287463153 
221  	2020-06-10T14:51:04		14.12787872 	100.30401416	237.082 	2.692902  	4.881600  	86.722892 	86.900509 	25.230  	DSC221 	287464093 
222  	2020-06-10T14:51:05		14.12789591 	100.30423761	237.094 	2.675713  	6.377020  	85.943669 	86.797376 	25.080  	DSC222 	287465032 
223  	2020-06-10T14:51:06		14.12790737 	100.30446106	237.072 	2.847600  	5.448829  	85.158717 	86.694244 	25.050  	DSC223 	287466018 
224  	2020-06-10T14:51:06		14.12791883 	100.30467879	237.103 	2.836141  	6.829657  	85.038396 	86.585382 	25.030  	DSC224 	287466958 
225  	2020-06-10T14:51:07		14.12793029 	100.30489651	237.250 	2.526744  	5.689471  	84.494086 	86.608300 	25.150  	DSC225 	287467898 
226  	2020-06-10T14:51:08		14.12794748 	100.30511997	237.764 	2.561121  	5.259753  	83.995613 	86.430683 	25.060  	DSC226 	287468857 
227  	2020-06-10T14:51:09		14.12795893 	100.30534342	238.250 	3.500772  	2.698631  	84.723269 	86.510897 	25.210  	DSC227 	287469818 
228  	2020-06-10T14:51:10		14.12797039 	100.30556114	238.646 	1.816276  	2.028271  	82.442897 	86.722892 	25.300  	DSC228 	287470758 
229  	2020-06-10T14:51:11		14.12798758 	100.30578460	238.563 	2.194428  	2.744468  	80.735483 	86.298903 	25.380  	DSC229 	287471696 
230  	2020-06-10T14:51:12		14.12799904 	100.30600232	238.576 	2.555392  	1.329262  	80.443274 	86.115557 	25.450  	DSC230 	287472637 
231  	2020-06-10T14:51:13		14.12801623 	100.30622577	238.473 	3.254400  	2.108485  	82.167877 	86.132745 	25.420  	DSC231 	287473578 
232  	2020-06-10T14:51:14		14.12802769 	100.30644350	238.156 	1.478231  	1.724603  	81.514706 	86.000965 	25.460  	DSC232 	287474518 
233  	2020-06-10T14:51:15		14.12804488 	100.30666695	238.324 	2.698631  	1.294885  	79.944801 	85.422278 	25.310  	DSC233 	287475458 
234  	2020-06-10T14:51:16		14.12806207 	100.30689040	238.301 	3.162727  	-0.171887 	81.589190 	85.353523 	25.280  	DSC234 	287476418 
235  	2020-06-10T14:51:17		14.12807926 	100.30710813	237.801 	3.483583  	1.970975  	83.422655 	86.006695 	25.230  	DSC235 	287477356 
236  	2020-06-10T14:51:18		14.12809644 	100.30733158	237.637 	3.678389  	1.661578  	82.677810 	86.327551 	25.170  	DSC236 	287478299 
237  	2020-06-10T14:51:19		14.12810790 	100.30754931	237.865 	4.062271  	0.962569  	83.411196 	86.247337 	25.000  	DSC237 	287479258 
238  	2020-06-10T14:51:20		14.12812509 	100.30777276	237.001 	3.810169  	2.899166  	83.921128 	86.854672 	25.040  	DSC238 	287480218 
239  	2020-06-10T14:51:21		14.12813655 	100.30799048	237.287 	1.501149  	3.042406  	81.778266 	86.499438 	24.910  	DSC239 	287481150 
240  	2020-06-10T14:51:22		14.12814801 	100.30820821	237.998 	2.503826  	1.094349  	82.838238 	86.052531 	24.890  	DSC240 	287482112 
241  	2020-06-10T14:51:23		14.12816520 	100.30843166	238.222 	1.948057  	-0.378152 	84.419602 	85.909292 	24.970  	DSC241 	287483073 
242  	2020-06-10T14:51:24		14.12818239 	100.30865511	238.206 	3.048135  	-0.189076 	84.900886 	85.960858 	25.170  	DSC242 	287484030 
243  	2020-06-10T14:51:24		14.12819958 	100.30887284	238.300 	3.472124  	-1.077161 	85.622813 	85.783241 	25.430  	DSC243 	287484979 
244  	2020-06-10T14:51:25		14.12821677 	100.30909629	238.040 	2.687172  	-1.472502 	84.350847 	86.167123 	25.680  	DSC244 	287485918 
245  	2020-06-10T14:51:26		14.12822823 	100.30931975	237.831 	3.076783  	-1.289155 	83.399737 	85.995235 	25.810  	DSC245 	287486857 
246  	2020-06-10T14:51:27		14.12824541 	100.30954320	237.552 	4.675336  	0.635983  	84.814942 	86.075450 	26.000  	DSC246 	287487777 
247  	2020-06-10T14:51:28		14.12826260 	100.30976092	237.614 	4.159674  	-0.899544 	86.270255 	86.631219 	26.270  	DSC247 	287488699 
248  	2020-06-10T14:52:17		14.12751776 	100.31002448	239.037 	-1.380828 	-5.408722 	-112.637773	-95.122453	17.080  	DSC248 	287537331 
249  	2020-06-10T14:52:18		14.12749484 	100.30979530	237.931 	2.349127  	-5.431640 	-107.933789	-95.764166	16.730  	DSC249 	287538818 
250  	2020-06-10T14:52:20		14.12747765 	100.30957185	236.445 	2.125673  	-4.652417 	-106.845170	-94.589602	16.720  	DSC250 	287540259 
251  	2020-06-10T14:52:21		14.12746046 	100.30934839	235.630 	1.718873  	-4.279995 	-105.212240	-94.148425	16.590  	DSC251 	287541698 
252  	2020-06-10T14:52:23		14.12744900 	100.30913067	235.065 	0.991217  	-2.652795 	-104.060595	-94.366149	16.340  	DSC252 	287543132 
253  	2020-06-10T14:52:24		14.12743181 	100.30890722	234.572 	0.475555  	-0.406800 	-106.965491	-94.669816	16.080  	DSC253 	287544618 
254  	2020-06-10T14:52:26		14.12741462 	100.30868949	234.353 	2.744468  	2.217347  	-104.524691	-94.526577	16.050  	DSC254 	287546090 
255  	2020-06-10T14:52:27		14.12739744 	100.30846604	235.188 	0.762034  	2.205888  	-107.612933	-94.578143	16.110  	DSC255 	287547618 
256  	2020-06-10T14:52:29		14.12738025 	100.30824831	235.967 	1.936597  	2.383504  	-108.879170	-95.128183	16.200  	DSC256 	287549073 
257  	2020-06-10T14:52:30		14.12736306 	100.30803059	236.592 	3.346074  	2.337668  	-108.157243	-95.259963	16.300  	DSC257 	287550556 
258  	2020-06-10T14:52:32		14.12734587 	100.30780714	236.938 	3.208564  	3.111161  	-107.246240	-93.924971	16.460  	DSC258 	287552033 
259  	2020-06-10T14:52:33		14.12733441 	100.30758941	237.204 	2.778845  	3.437747  	-108.839063	-93.827569	16.540  	DSC259 	287553478 
260  	2020-06-10T14:52:34		14.12732295 	100.30736596	237.170 	2.263183  	3.454936  	-108.478099	-93.632763	16.580  	DSC260 	287554917 
261  	2020-06-10T14:52:36		14.12730576 	100.30714251	237.269 	3.724226  	3.019488  	-106.770685	-93.415039	16.630  	DSC261 	287556377 
262  	2020-06-10T14:52:37		14.12730003 	100.30691905	237.409 	1.587093  	3.569527  	-106.885277	-93.071264	16.790  	DSC262 	287557818 
263  	2020-06-10T14:52:39		14.12728284 	100.30670133	237.472 	1.461042  	3.460665  	-108.392156	-94.068211	16.970  	DSC263 	287559237 
264  	2020-06-10T14:52:40		14.12726566 	100.30647788	237.544 	2.543933  	3.185645  	-108.873440	-94.847433	17.070  	DSC264 	287560637 
265  	2020-06-10T14:52:42		14.12725420 	100.30626015	237.579 	3.323155  	2.721550  	-108.346319	-94.486470	17.120  	DSC265 	287562031 
266  	2020-06-10T14:52:43		14.12723701 	100.30603670	237.487 	2.939273  	2.773116  	-109.045328	-93.879135	17.090  	DSC266 	287563439 
267  	2020-06-10T14:52:44		14.12721982 	100.30581897	237.319 	2.727279  	3.678389  	-108.913547	-94.079670	16.910  	DSC267 	287564836 
268  	2020-06-10T14:52:46		14.12720836 	100.30560125	237.415 	1.999623  	3.443476  	-106.690471	-93.403580	16.750  	DSC268 	287566256 
269  	2020-06-10T14:52:47		14.12719690 	100.30537780	237.941 	2.091296  	2.349127  	-107.973896	-93.661411	16.590  	DSC269 	287567697 
270  	2020-06-10T14:52:49		14.12717971 	100.30515434	237.638 	2.435071  	2.996569  	-105.968544	-93.810380	16.640  	DSC270 	287569134 
271  	2020-06-10T14:52:50		14.12716825 	100.30493662	237.408 	1.558445  	3.775792  	-106.111784	-93.884864	16.650  	DSC271 	287570577 
272  	2020-06-10T14:52:52		14.12715106 	100.30471317	237.079 	4.520637  	4.967544  	-106.392533	-94.543766	16.740  	DSC272 	287572018 
273  	2020-06-10T14:52:53		14.12713961 	100.30449544	236.875 	2.011082  	5.437369  	-106.025840	-93.758814	16.920  	DSC273 	287573418 
274  	2020-06-10T14:52:54		14.12712242 	100.30427199	236.978 	2.750197  	5.557691  	-106.942572	-94.434904	17.000  	DSC274 	287574836 
275  	2020-06-10T14:52:56		14.12710523 	100.30405426	237.212 	3.105431  	5.254023  	-106.191998	-93.758814	17.200  	DSC275 	287576237 
276  	2020-06-10T14:52:57		14.12709377 	100.30383081	237.286 	0.721927  	5.064947  	-107.137378	-93.999456	17.300  	DSC276 	287577636 
277  	2020-06-10T14:52:59		14.12707658 	100.30360736	237.455 	5.116513  	4.675336  	-103.762657	-94.939107	17.340  	DSC277 	287579033 
278  	2020-06-10T14:53:00		14.12705939 	100.30338390	237.883 	2.406423  	4.520637  	-105.584662	-93.311907	17.530  	DSC278 	287580418 
279  	2020-06-10T14:53:01		14.12704793 	100.30316618	237.766 	2.601228  	4.549285  	-106.266482	-93.644222	17.830  	DSC279 	287581759 
280  	2020-06-10T14:53:03		14.12703647 	100.30294273	238.076 	2.051189  	2.704361  	-108.753119	-93.466605	18.000  	DSC280 	287583094 
281  	2020-06-10T14:53:04		14.12701928 	100.30272500	237.976 	2.383504  	3.191375  	-109.234404	-94.291664	18.060  	DSC281 	287584418 
282  	2020-06-10T14:53:05		14.12700782 	100.30250155	237.610 	2.796034  	3.466395  	-107.406668	-93.340554	18.320  	DSC282 	287585738 
283  	2020-06-10T14:53:07		14.12699637 	100.30227809	237.742 	1.409476  	3.850276  	-109.944871	-93.839028	18.190  	DSC283 	287587031 
284  	2020-06-10T14:53:08		14.12697918 	100.30206037	237.589 	3.495043  	3.517961  	-109.984978	-94.669816	18.130  	DSC284 	287588357 
285  	2020-06-10T14:53:09		14.12696199 	100.30183692	237.462 	2.016811  	4.451882  	-108.816144	-94.073940	18.190  	DSC285 	287589678 
286  	2020-06-10T14:53:11		14.12695053 	100.30161346	238.049 	4.279995  	2.142862  	-107.664499	-94.446363	18.080  	DSC286 	287591018 
287  	2020-06-10T14:53:12		14.12693334 	100.30139574	237.879 	2.595499  	2.996569  	-103.980381	-93.661411	18.140  	DSC287 	287592295 
288  	2020-06-10T14:53:13		14.12692188 	100.30117802	237.713 	1.787628  	3.517961  	-105.710713	-94.005185	18.130  	DSC288 	287593618 
289  	2020-06-10T14:53:14		14.12690469 	100.30095456	237.635 	2.475178  	2.360586  	-106.398263	-94.326042	18.020  	DSC289 	287594938 
290  	2020-06-10T14:53:16		14.12688750 	100.30073684	237.601 	0.641713  	2.624147  	-106.088865	-94.755760	17.900  	DSC290 	287596277 
291  	2020-06-10T14:53:17		14.12686459 	100.30051338	237.444 	4.090919  	3.770062  	-108.959384	-94.629709	17.750  	DSC291 	287597618 
292  	2020-06-10T14:53:18		14.12685313 	100.30029566	238.023 	4.337291  	2.354857  	-107.526989	-94.056752	17.720  	DSC292 	287598956 
293  	2020-06-10T14:53:20		14.12684167 	100.30007221	238.323 	1.793358  	0.825059  	-105.676336	-92.521225	17.850  	DSC293 	287600298 
294  	2020-06-10T14:53:21		14.12683021 	100.29985448	238.288 	2.217347  	0.263561  	-107.280618	-93.311907	17.860  	DSC294 	287601636 
295  	2020-06-10T14:53:22		14.12681302 	100.29963103	237.606 	2.331938  	0.928192  	-106.140432	-93.718707	17.960  	DSC295 	287602958 
296  	2020-06-10T14:53:24		14.12680156 	100.29940758	236.834 	2.309020  	2.950733  	-106.163350	-93.644222	18.120  	DSC296 	287604298 
297  	2020-06-10T14:54:08		14.12606817 	100.29957946	238.468 	3.540879  	1.816276  	84.465438 	82.729376 	25.500  	DSC297 	287648363 
298  	2020-06-10T14:54:09		14.12609682 	100.29982011	238.644 	3.512231  	0.441178  	84.900886 	83.096069 	25.580  	DSC298 	287649377 
299  	2020-06-10T14:54:10		14.12611974 	100.30004356	237.994 	4.726902  	2.549662  	85.640002 	83.972694 	25.570  	DSC299 	287650317 
300  	2020-06-10T14:54:11		14.12614266 	100.30026128	237.541 	4.595122  	2.303290  	86.602571 	84.826402 	25.600  	DSC300 	287651238 
301  	2020-06-10T14:54:12		14.12615985 	100.30047901	237.645 	2.715820  	1.827735  	84.986830 	85.554058 	25.500  	DSC301 	287652172 
302  	2020-06-10T14:54:13		14.12617704 	100.30069673	237.700 	5.448829  	2.687172  	84.780565 	85.680109 	25.560  	DSC302 	287653092 
303  	2020-06-10T14:54:14		14.12618850 	100.30092018	237.787 	4.400316  	1.088620  	86.894779 	86.333281 	25.630  	DSC303 	287654032 
304  	2020-06-10T14:54:14		14.12620568 	100.30114364	237.913 	4.131026  	1.254778  	87.410441 	87.227095 	25.620  	DSC304 	287654978 
305  	2020-06-10T14:54:15		14.12621141 	100.30136709	237.465 	2.400693  	2.148592  	87.169799 	87.198447 	25.680  	DSC305 	287655895 
306  	2020-06-10T14:54:16		14.12622287 	100.30158482	237.540 	0.888085  	1.489690  	88.831377 	86.940616 	25.590  	DSC306 	287656818 
307  	2020-06-10T14:54:17		14.12624006 	100.30180827	238.067 	3.311696  	1.323533  	85.920751 	86.465061 	25.550  	DSC307 	287657759 
308  	2020-06-10T14:54:18		14.12625152 	100.30202599	238.318 	3.151268  	-0.148969 	87.633895 	86.373388 	25.550  	DSC308 	287658698 
309  	2020-06-10T14:54:19		14.12626298 	100.30224945	237.597 	2.904896  	1.564175  	88.825647 	87.158340 	25.550  	DSC309 	287659638 
310  	2020-06-10T14:54:20		14.12627444 	100.30247290	236.960 	1.346451  	2.887707  	85.342064 	87.209906 	25.490  	DSC310 	287660578 
311  	2020-06-10T14:54:21		14.12628590 	100.30269062	236.657 	1.409476  	4.285724  	85.605624 	86.470790 	25.450  	DSC311 	287661498 
312  	2020-06-10T14:54:22		14.12630309 	100.30290835	236.793 	3.420558  	3.105431  	84.368035 	86.379117 	25.380  	DSC312 	287662438 
313  	2020-06-10T14:54:23		14.12631455 	100.30313180	236.571 	2.389234  	4.566474  	85.829078 	86.212959 	25.490  	DSC313 	287663376 
314  	2020-06-10T14:54:24		14.12633173 	100.30334953	236.882 	2.194428  	3.741414  	84.018531 	86.155664 	25.480  	DSC314 	287664314 
315  	2020-06-10T14:54:25		14.12634892 	100.30357298	237.047 	2.922085  	4.291454  	83.594542 	85.714486 	25.580  	DSC315 	287665258 
316  	2020-06-10T14:54:26		14.12636611 	100.30379643	237.141 	4.371668  	3.655471  	84.562841 	86.046802 	25.610  	DSC316 	287666218 
317  	2020-06-10T14:54:27		14.12637757 	100.30401989	237.239 	2.721550  	4.595122  	84.127393 	86.436413 	25.710  	DSC317 	287667132 
318  	2020-06-10T14:54:28		14.12638903 	100.30423761	237.591 	3.603905  	3.495043  	84.940993 	86.407765 	25.640  	DSC318 	287668073 
319  	2020-06-10T14:54:29		14.12640622 	100.30446679	237.681 	2.641335  	4.440423  	85.267579 	86.419224 	25.570  	DSC319 	287669018 
320  	2020-06-10T14:54:29		14.12641768 	100.30467879	238.204 	3.420558  	2.412152  	87.570869 	86.648407 	25.530  	DSC320 	287669936 
321  	2020-06-10T14:54:30		14.12642914 	100.30489651	238.455 	2.125673  	1.925138  	87.049478 	86.785917 	25.480  	DSC321 	287670855 
322  	2020-06-10T14:54:31		14.12644633 	100.30511997	238.262 	2.171510  	1.455313  	87.003641 	86.545275 	25.410  	DSC322 	287671818 
323  	2020-06-10T14:54:32		14.12645779 	100.30533769	238.111 	2.188699  	2.538203  	85.095692 	86.310362 	25.240  	DSC323 	287672737 
324  	2020-06-10T14:54:33		14.12647497 	100.30556114	237.818 	2.234535  	2.555392  	86.190041 	86.310362 	25.140  	DSC324 	287673697 
325  	2020-06-10T14:54:34		14.12648643 	100.30577887	237.512 	1.810547  	3.059595  	84.665973 	86.310362 	24.970  	DSC325 	287674637 
326  	2020-06-10T14:54:35		14.12650362 	100.30600232	237.274 	2.286102  	4.073730  	84.545652 	85.840537 	24.780  	DSC326 	287675618 
327  	2020-06-10T14:54:36		14.12651508 	100.30622577	237.067 	3.088243  	3.867465  	85.095692 	85.834807 	24.730  	DSC327 	287676577 
328  	2020-06-10T14:54:37		14.12653227 	100.30644350	236.934 	3.128350  	5.076406  	82.425708 	85.743134 	24.610  	DSC328 	287677535 
329  	2020-06-10T14:54:38		14.12654946 	100.30666695	236.911 	4.096648  	3.833088  	84.047179 	85.937940 	24.570  	DSC329 	287678518 
330  	2020-06-10T14:54:39		14.12656665 	100.30688468	236.894 	4.153944  	5.437369  	84.305010 	86.470790 	24.660  	DSC330 	287679477 
331  	2020-06-10T14:54:40		14.12657811 	100.30710813	236.958 	2.005352  	4.549285  	83.204931 	86.762999 	24.730  	DSC331 	287680458 
332  	2020-06-10T14:54:41		14.12658957 	100.30732585	237.174 	2.412152  	5.557691  	82.385601 	86.407765 	24.750  	DSC332 	287681418 
333  	2020-06-10T14:54:42		14.12660102 	100.30754358	237.056 	2.555392  	5.139431  	82.276739 	86.144204 	24.950  	DSC333 	287682377 
334  	2020-06-10T14:54:43		14.12661821 	100.30776703	237.457 	3.936220  	4.904519  	85.851996 	86.212959 	24.980  	DSC334 	287683338 
335  	2020-06-10T14:54:44		14.12662967 	100.30799048	237.877 	2.864789  	3.752874  	83.984154 	86.820295 	25.220  	DSC335 	287684295 
336  	2020-06-10T14:54:45		14.12664686 	100.30821394	238.306 	1.105809  	3.082513  	83.296604 	86.339010 	25.350  	DSC336 	287685255 
337  	2020-06-10T14:54:46		14.12666405 	100.30843739	238.358 	2.062648  	2.257454  	81.755348 	85.657190 	25.600  	DSC337 	287686218 
338  	2020-06-10T14:54:47		14.12667551 	100.30864939	238.160 	3.374721  	2.647065  	81.984531 	85.536869 	25.780  	DSC338 	287687114 
339  	2020-06-10T14:54:48		14.12669270 	100.30887857	237.828 	3.861736  	2.389234  	83.628920 	85.788971 	26.020  	DSC339 	287688052 
340  	2020-06-10T14:54:48		14.12670989 	100.30910202	237.816 	3.334614  	2.675713  	84.104475 	86.361928 	26.110  	DSC340 	287688979 
341  	2020-06-10T14:54:49		14.12672135 	100.30931402	237.939 	3.254400  	2.280372  	82.803861 	86.442143 	26.120  	DSC341 	287689878 
342  	2020-06-10T14:54:50		14.12673853 	100.30954320	238.152 	2.503826  	1.312073  	83.044503 	86.419224 	26.080  	DSC342 	287690818 
343  	2020-06-10T14:54:51		14.12674999 	100.30976092	238.107 	1.810547  	1.936597  	82.901263 	86.092638 	26.010  	DSC343 	287691715 
344  	2020-06-10T14:54:52		14.12676718 	100.30997865	238.182 	3.225752  	0.853707  	85.015478 	85.840537 	25.740  	DSC344 	287692636 
345  	2020-06-10T14:55:42		14.12601088 	100.31024794	237.752 	1.346451  	2.297561  	-108.403615	-93.483794	16.450  	DSC345 	287742218 
346  	2020-06-10T14:55:43		14.12599369 	100.31001302	237.694 	1.157375  	2.584040  	-108.168702	-93.856216	16.700  	DSC346 	287743736 
347  	2020-06-10T14:55:45		14.12598223 	100.30978957	237.413 	3.288778  	2.996569  	-107.504071	-94.595332	16.980  	DSC347 	287745151 
348  	2020-06-10T14:55:46		14.12596504 	100.30957185	236.554 	2.320479  	4.377398  	-105.905519	-93.758814	17.310  	DSC348 	287746558 
349  	2020-06-10T14:55:47		14.12595358 	100.30934839	236.534 	1.432394  	5.024840  	-107.194674	-93.500983	17.460  	DSC349 	287747937 
350  	2020-06-10T14:55:49		14.12593639 	100.30913067	237.377 	1.524068  	3.145538  	-107.498342	-94.767219	17.370  	DSC350 	287749296 
351  	2020-06-10T14:55:50		14.12591921 	100.30890722	238.452 	3.380451  	1.569904  	-107.251970	-94.538036	17.360  	DSC351 	287750676 
352  	2020-06-10T14:55:52		14.12590202 	100.30868376	238.894 	2.807493  	1.621471  	-105.842493	-94.079670	17.290  	DSC352 	287752051 
353  	2020-06-10T14:55:53		14.12589056 	100.30846604	238.720 	2.515285  	0.458366  	-106.896736	-92.916566	17.130  	DSC353 	287753438 
354  	2020-06-10T14:55:54		14.12587910 	100.30824259	238.221 	2.377775  	0.131780  	-106.541502	-92.555602	17.070  	DSC354 	287754838 
355  	2020-06-10T14:55:56		14.12587337 	100.30802486	237.631 	1.615741  	1.168834  	-106.186268	-92.698842	17.130  	DSC355 	287756218 
356  	2020-06-10T14:55:57		14.12586191 	100.30780141	237.199 	0.802141  	2.205888  	-107.114460	-94.028104	17.150  	DSC356 	287757618 
357  	2020-06-10T14:55:59		14.12584472 	100.30757795	237.324 	2.349127  	1.942327  	-109.005221	-94.761490	17.260  	DSC357 	287759018 
358  	2020-06-10T14:56:00		14.12582753 	100.30736023	237.311 	2.704361  	1.352180  	-108.546854	-94.709924	17.380  	DSC358 	287760377 
359  	2020-06-10T14:56:01		14.12581034 	100.30714251	237.493 	3.626823  	1.661578  	-107.802009	-94.194262	17.360  	DSC359 	287761757 
360  	2020-06-10T14:56:03		14.12579315 	100.30691905	237.348 	2.922085  	2.841871  	-106.805063	-93.581197	17.370  	DSC360 	287763133 
361  	2020-06-10T14:56:04		14.12578170 	100.30670133	236.934 	1.294885  	4.142485  	-108.031192	-93.942160	17.390  	DSC361 	287764497 
362  	2020-06-10T14:56:05		14.12576451 	100.30647788	237.169 	1.844924  	3.328885  	-110.947547	-95.523524	17.350  	DSC362 	287765877 
363  	2020-06-10T14:56:07		14.12574732 	100.30625442	237.456 	4.870141  	2.406423  	-108.947925	-94.910459	17.550  	DSC363 	287767258 
364  	2020-06-10T14:56:08		14.12573013 	100.30603097	237.708 	3.781521  	1.524068  	-105.750820	-92.773326	17.990  	DSC364 	287768618 
365  	2020-06-10T14:56:09		14.12572440 	100.30581324	237.810 	2.561121  	1.461042  	-104.656471	-92.664464	18.080  	DSC365 	287769915 
366  	2020-06-10T14:56:11		14.12571294 	100.30559552	237.593 	0.893814  	2.939273  	-107.916601	-93.254611	18.060  	DSC366 	287771233 
367  	2020-06-10T14:56:12		14.12569575 	100.30537207	237.199 	1.650118  	3.586716  	-107.733254	-94.715653	18.030  	DSC367 	287772556 
368  	2020-06-10T14:56:13		14.12567856 	100.30514861	237.043 	3.649741  	4.033623  	-107.292077	-94.618250	17.960  	DSC368 	287773897 
369  	2020-06-10T14:56:15		14.12566137 	100.30493089	236.858 	3.437747  	4.297183  	-105.275265	-93.655681	18.190  	DSC369 	287775218 
370  	2020-06-10T14:56:16		14.12564991 	100.30470744	237.109 	2.142862  	4.337291  	-104.748144	-93.311907	18.170  	DSC370 	287776517 
371  	2020-06-10T14:56:17		14.12563846 	100.30448971	237.269 	2.337668  	3.993516  	-103.722550	-93.684329	18.250  	DSC371 	287777837 
372  	2020-06-10T14:56:19		14.12562127 	100.30426626	237.814 	3.546609  	3.134079  	-105.819575	-94.308853	18.180  	DSC372 	287779153 
373  	2020-06-10T14:56:20		14.12560981 	100.30404853	237.869 	3.088243  	3.747144  	-105.636229	-93.432228	18.290  	DSC373 	287780454 
374  	2020-06-10T14:56:21		14.12559835 	100.30382508	237.865 	1.409476  	3.936220  	-107.378020	-93.174397	18.340  	DSC374 	287781757 
375  	2020-06-10T14:56:23		14.12558116 	100.30360163	238.313 	1.403747  	2.394964  	-107.463964	-94.297394	18.150  	DSC375 	287783073 
376  	2020-06-10T14:56:24		14.12556397 	100.30338390	238.434 	2.068378  	1.489690  	-106.827981	-94.853163	18.080  	DSC376 	287784374 
377  	2020-06-10T14:56:25		14.12555251 	100.30316618	238.378 	2.910626  	0.727656  	-106.501395	-94.188532	18.080  	DSC377 	287785697 
378  	2020-06-10T14:56:27		14.12553532 	100.30293700	238.127 	1.747521  	0.899544  	-105.876871	-94.016645	18.110  	DSC378 	287787033 
379  	2020-06-10T14:56:28		14.12551813 	100.30271927	238.249 	3.678389  	-0.487014 	-108.094218	-94.366149	18.010  	DSC379 	287788357 
380  	2020-06-10T14:56:29		14.12550668 	100.30250155	237.965 	4.016434  	0.143239  	-105.412775	-93.787461	18.030  	DSC380 	287789676 
381  	2020-06-10T14:56:31		14.12548949 	100.30227236	237.566 	1.827735  	1.638659  	-106.501395	-93.277529	18.030  	DSC381 	287791018 
382  	2020-06-10T14:56:32		14.12547803 	100.30206037	237.086 	2.119944  	2.188699  	-105.315372	-93.266070	17.950  	DSC382 	287792316 
383  	2020-06-10T14:56:33		14.12546657 	100.30183692	236.986 	0.813600  	1.850654  	-106.025840	-93.185856	17.840  	DSC383 	287793655 
384  	2020-06-10T14:56:35		14.12545511 	100.30161346	237.062 	0.527121  	2.933544  	-107.509801	-94.835974	17.690  	DSC384 	287795018 
385  	2020-06-10T14:56:36		14.12543219 	100.30139574	236.681 	0.246372  	3.151268  	-108.701553	-95.546442	17.930  	DSC385 	287796335 
386  	2020-06-10T14:56:37		14.12541500 	100.30117802	236.914 	5.861358  	2.687172  	-108.208809	-95.219856	18.020  	DSC386 	287797678 
387  	2020-06-10T14:56:39		14.12539781 	100.30094883	237.094 	3.878924  	3.970598  	-106.816522	-94.062481	18.330  	DSC387 	287799018 
388  	2020-06-10T14:56:40		14.12538062 	100.30073111	237.972 	2.452259  	2.417882  	-103.499096	-93.655681	18.500  	DSC388 	287800295 
389  	2020-06-10T14:56:41		14.12536917 	100.30051338	238.924 	0.091673  	0.658901  	-104.696578	-93.191585	18.570  	DSC389 	287801577 
390  	2020-06-10T14:56:42		14.12535198 	100.30028993	238.458 	2.056918  	1.140186  	-107.779091	-94.853163	18.800  	DSC390 	287802876 
391  	2020-06-10T14:56:44		14.12533479 	100.30006648	238.730 	5.506124  	-1.799087 	-99.774870	-93.884864	19.140  	DSC391 	287804133 
392  	2020-06-10T14:56:45		14.12532333 	100.29984302	238.738 	2.738738  	-2.154321 	-104.610634	-92.286312	19.470  	DSC392 	287805377 
393  	2020-06-10T14:56:46		14.12531187 	100.29961957	238.429 	4.027893  	-2.326209 	-100.061349	-92.693112	19.550  	DSC393 	287806618 
394  	2020-06-10T14:57:31		14.12457275 	100.29980292	239.715 	2.692902  	-3.598175 	82.975748 	83.474221 	26.670  	DSC394 	287851666 
395  	2020-06-10T14:57:32		14.12459567 	100.30004356	238.645 	4.239888  	-2.354857 	87.295850 	84.241985 	26.410  	DSC395 	287852656 
396  	2020-06-10T14:57:33		14.12461286 	100.30026701	238.237 	2.045459  	-1.833465 	85.846266 	84.940993 	26.210  	DSC396 	287853556 
397  	2020-06-10T14:57:34		14.12463578 	100.30047901	237.536 	2.320479  	-1.455313 	84.545652 	84.299280 	25.940  	DSC397 	287854454 
398  	2020-06-10T14:57:35		14.12465297 	100.30070246	236.845 	3.718496  	0.000000  	87.863078 	85.250390 	25.680  	DSC398 	287855380 
399  	2020-06-10T14:57:36		14.12467016 	100.30092018	236.417 	4.016434  	0.922462  	88.470413 	85.834807 	25.650  	DSC399 	287856297 
400  	2020-06-10T14:57:37		14.12468735 	100.30114364	236.277 	1.581364  	0.355234  	87.656813 	86.551005 	25.500  	DSC400 	287857237 
401  	2020-06-10T14:57:38		14.12469881 	100.30136709	236.145 	0.292208  	1.598552  	84.539923 	86.075450 	25.450  	DSC401 	287858173 
402  	2020-06-10T14:57:39		14.12471599 	100.30158482	235.965 	3.088243  	2.331938  	81.457410 	85.301957 	25.390  	DSC402 	287859111 
403  	2020-06-10T14:57:40		14.12473318 	100.30180254	235.479 	3.586716  	4.027893  	81.635027 	85.582706 	25.350  	DSC403 	287860051 
404  	2020-06-10T14:57:41		14.12475037 	100.30203172	234.907 	1.059972  	7.620339  	80.941748 	85.617083 	25.370  	DSC404 	287861018 
405  	2020-06-10T14:57:41		14.12476756 	100.30224372	235.054 	2.521014  	9.522559  	78.478029 	84.792024 	25.090  	DSC405 	287861938 
406  	2020-06-10T14:57:42		14.12479048 	100.30246717	235.290 	6.193674  	8.296429  	85.084233 	85.221742 	25.240  	DSC406 	287862898 
407  	2020-06-10T14:57:43		14.12480194 	100.30269062	235.684 	3.982057  	10.187190 	86.333281 	86.774458 	25.200  	DSC407 	287863858 
408  	2020-06-10T14:57:44		14.12481913 	100.30291408	236.578 	3.248671  	8.892305  	83.737782 	86.631219 	25.280  	DSC408 	287864818 
409  	2020-06-10T14:57:45		14.12483059 	100.30312607	237.278 	3.277319  	6.422857  	85.353523 	86.556734 	25.640  	DSC409 	287865738 
410  	2020-06-10T14:57:46		14.12484204 	100.30334953	237.677 	3.901843  	7.310941  	84.368035 	87.043748 	25.960  	DSC410 	287866677 
411  	2020-06-10T14:57:47		14.12485350 	100.30357871	238.158 	3.116890  	5.196727  	85.932210 	87.083855 	26.260  	DSC411 	287867618 
412  	2020-06-10T14:57:48		14.12486496 	100.30379643	238.054 	2.435071  	5.632175  	84.385224 	86.803106 	26.590  	DSC412 	287868500 
413  	2020-06-10T14:57:49		14.12488215 	100.30401989	237.909 	1.822006  	6.027516  	83.101799 	86.281714 	26.680  	DSC413 	287869418 
414  	2020-06-10T14:57:50		14.12489361 	100.30423761	237.718 	3.878924  	5.884277  	84.408142 	86.218689 	26.820  	DSC414 	287870297 
415  	2020-06-10T14:57:51		14.12491080 	100.30446679	238.055 	3.168457  	5.168079  	85.216013 	86.659867 	26.790  	DSC415 	287871218 
416  	2020-06-10T14:57:52		14.12492226 	100.30467879	238.503 	2.228806  	4.285724  	82.609055 	86.797376 	26.430  	DSC416 	287872073 
417  	2020-06-10T14:57:53		14.12493372 	100.30490797	239.570 	3.919031  	0.911003  	82.798131 	86.281714 	26.160  	DSC417 	287873018 
418  	2020-06-10T14:57:53		14.12494518 	100.30511997	240.107 	3.838817  	1.014135  	85.525410 	86.820295 	25.910  	DSC418 	287873896 
419  	2020-06-10T14:57:54		14.12495664 	100.30534342	240.393 	4.388857  	-1.323533 	88.447495 	86.986452 	25.490  	DSC419 	287874837 
420  	2020-06-10T14:57:55		14.12496810 	100.30556114	240.545 	2.119944  	-1.323533 	88.556357 	87.742757 	25.090  	DSC420 	287875778 
421  	2020-06-10T14:57:56		14.12497382 	100.30577887	239.726 	1.495420  	0.504203  	88.796999 	87.542222 	24.950  	DSC421 	287876718 
422  	2020-06-10T14:57:57		14.12498528 	100.30599659	239.144 	0.996947  	-2.549662 	88.149557 	87.324498 	24.570  	DSC422 	287877676 
423  	2020-06-10T14:57:58		14.12499674 	100.30622004	237.705 	1.151645  	1.191752  	87.003641 	86.837483 	24.420  	DSC423 	287878658 
424  	2020-06-10T14:57:59		14.12500820 	100.30643777	235.997 	0.979758  	3.477854  	85.680109 	86.608300 	24.600  	DSC424 	287879618 
425  	2020-06-10T14:58:00		14.12502539 	100.30666695	235.315 	-0.257831 	4.881600  	81.279793 	86.224419 	24.580  	DSC425 	287880618 
426  	2020-06-10T14:58:01		14.12504258 	100.30688468	234.881 	-0.378152 	6.222322  	79.669781 	84.476897 	24.730  	DSC426 	287881577 
427  	2020-06-10T14:58:02		14.12506550 	100.30710240	234.794 	3.666930  	7.597420  	78.976502 	84.012802 	24.850  	DSC427 	287882537 
428  	2020-06-10T14:58:03		14.12508842 	100.30732585	235.255 	4.801386  	7.603150  	79.870317 	84.362306 	25.050  	DSC428 	287883518 
429  	2020-06-10T14:58:04		14.12510561 	100.30754358	236.152 	4.251347  	8.244863  	80.947477 	84.809213 	25.110  	DSC429 	287884456 
430  	2020-06-10T14:58:05		14.12512279 	100.30776703	237.028 	4.503448  	6.474423  	83.560165 	85.364982 	25.300  	DSC430 	287885418 
431  	2020-06-10T14:58:06		14.12513998 	100.30799048	237.769 	4.222699  	6.348372  	85.210283 	86.190041 	25.380  	DSC431 	287886358 
432  	2020-06-10T14:58:07		14.12515717 	100.30820821	238.150 	3.884654  	5.007651  	84.900886 	86.510897 	25.500  	DSC432 	287887297 
433  	2020-06-10T14:58:08		14.12516863 	100.30843166	238.339 	4.136755  	5.150891  	85.502492 	86.677055 	25.540  	DSC433 	287888237 
434  	2020-06-10T14:58:09		14.12518009 	100.30865511	238.546 	3.346074  	3.477854  	85.668650 	87.307309 	25.580  	DSC434 	287889172 
435  	2020-06-10T14:58:10		14.12519155 	100.30887857	238.714 	1.959516  	3.409099  	85.668650 	87.123962 	25.680  	DSC435 	287890113 
436  	2020-06-10T14:58:11		14.12520301 	100.30909629	238.947 	1.071431  	1.907949  	85.531140 	86.671326 	25.710  	DSC436 	287891031 
437  	2020-06-10T14:58:11		14.12521447 	100.30931402	238.713 	1.524068  	2.417882  	84.156041 	86.390576 	25.840  	DSC437 	287891958 
438  	2020-06-10T14:58:12		14.12523166 	100.30953747	238.492 	2.148592  	1.776169  	82.723646 	86.029613 	25.910  	DSC438 	287892897 
439  	2020-06-10T14:58:13		14.12524884 	100.30976092	238.431 	3.111161  	1.478231  	82.374142 	85.823348 	25.970  	DSC439 	287893818 
440  	2020-06-10T14:58:14		14.12526030 	100.30997865	237.974 	3.145538  	1.088620  	83.669027 	86.442143 	26.170  	DSC440 	287894736 
441  	2020-06-10T14:58:15		14.12527176 	100.31020210	237.941 	1.455313  	1.186023  	82.076204 	86.402036 	26.230  	DSC441 	287895635 
442  	2020-06-10T14:59:04		14.12452692 	100.31046566	236.836 	1.839195  	5.019110  	-110.397508	-95.036509	17.600  	DSC442 	287944019 
443  	2020-06-10T14:59:05		14.12450400 	100.31023075	237.824 	2.555392  	3.386181  	-110.741283	-95.569360	17.800  	DSC443 	287945457 
444  	2020-06-10T14:59:06		14.12448681 	100.31000157	237.744 	3.924761  	3.901843  	-108.518206	-94.807326	18.180  	DSC444 	287946818 
445  	2020-06-10T14:59:08		14.12446962 	100.30978384	237.675 	2.778845  	2.893437  	-106.724848	-93.907783	18.300  	DSC445 	287948112 
446  	2020-06-10T14:59:09		14.12445816 	100.30956612	237.948 	3.741414  	2.234535  	-106.335237	-93.609845	18.270  	DSC446 	287949418 
447  	2020-06-10T14:59:10		14.12444670 	100.30934266	237.913 	1.787628  	3.804440  	-107.486882	-93.363473	18.260  	DSC447 	287950716 
448  	2020-06-10T14:59:12		14.12442951 	100.30912494	237.914 	2.503826  	2.492366  	-107.223322	-93.959349	18.110  	DSC448 	287952028 
449  	2020-06-10T14:59:13		14.12441806 	100.30890149	237.681 	2.967921  	2.309020  	-106.604527	-93.712977	18.020  	DSC449 	287953357 
450  	2020-06-10T14:59:14		14.12440660 	100.30868376	237.539 	2.876248  	2.492366  	-105.298184	-93.443687	17.800  	DSC450 	287954677 
451  	2020-06-10T14:59:16		14.12438941 	100.30846031	237.472 	0.704738  	2.922085  	-105.985733	-93.598385	17.560  	DSC451 	287956018 
452  	2020-06-10T14:59:17		14.12437795 	100.30824259	237.385 	2.893437  	4.016434  	-106.610257	-94.068211	17.370  	DSC452 	287957377 
453  	2020-06-10T14:59:18		14.12436076 	100.30802486	237.602 	2.675713  	3.128350  	-104.988786	-93.363473	17.330  	DSC453 	287958758 
454  	2020-06-10T14:59:20		14.12434930 	100.30780141	237.628 	2.973651  	3.644012  	-105.441423	-93.294718	17.370  	DSC454 	287960131 
455  	2020-06-10T14:59:21		14.12433784 	100.30758368	237.024 	0.154699  	3.792981  	-105.034623	-93.048346	17.550  	DSC455 	287961496 
456  	2020-06-10T14:59:22		14.12432638 	100.30736023	237.032 	1.598552  	5.064947  	-107.463964	-94.664087	17.530  	DSC456 	287962876 
457  	2020-06-10T14:59:24		14.12430919 	100.30713678	236.747 	4.216969  	5.712389  	-107.068623	-94.417715	17.930  	DSC457 	287964218 
458  	2020-06-10T14:59:25		14.12429200 	100.30691332	236.953 	1.312073  	4.961815  	-106.845170	-94.085400	18.230  	DSC458 	287965557 
459  	2020-06-10T14:59:26		14.12428055 	100.30669560	237.395 	1.890761  	4.967544  	-106.839440	-94.423445	18.300  	DSC459 	287966856 
460  	2020-06-10T14:59:28		14.12426336 	100.30647215	237.492 	3.626823  	4.761279  	-106.885277	-94.927647	18.420  	DSC460 	287968152 
461  	2020-06-10T14:59:29		14.12424617 	100.30625442	237.525 	3.540879  	5.139431  	-106.237834	-93.770273	18.400  	DSC461 	287969458 
462  	2020-06-10T14:59:30		14.12422898 	100.30603097	237.507 	2.383504  	5.551961  	-106.163350	-93.690059	18.340  	DSC462 	287970758 
463  	2020-06-10T14:59:32		14.12421752 	100.30581324	237.725 	2.744468  	4.818575  	-105.756550	-93.810380	18.230  	DSC463 	287972071 
464  	2020-06-10T14:59:33		14.12420606 	100.30558979	237.464 	2.721550  	5.849899  	-105.355479	-93.827569	18.270  	DSC464 	287973377 
465  	2020-06-10T14:59:34		14.12418887 	100.30537207	237.370 	1.610011  	5.786874  	-106.060217	-94.136966	18.350  	DSC465 	287974677 
466  	2020-06-10T14:59:36		14.12417168 	100.30514288	237.675 	3.603905  	4.417505  	-107.738984	-94.526577	18.430  	DSC466 	287976018 
467  	2020-06-10T14:59:37		14.12415450 	100.30492516	237.625 	3.512231  	5.345696  	-106.478477	-94.251557	18.510  	DSC467 	287977278 
468  	2020-06-10T14:59:38		14.12414304 	100.30470744	237.499 	3.122620  	5.758226  	-105.699254	-93.420768	18.590  	DSC468 	287978558 
469  	2020-06-10T14:59:39		14.12413158 	100.30448398	238.113 	5.964491  	4.165403  	-106.524313	-93.271799	18.500  	DSC469 	287979856 
470  	2020-06-10T14:59:41		14.12412012 	100.30426626	239.313 	3.145538  	0.681820  	-102.605282	-92.326419	18.430  	DSC470 	287981150 
471  	2020-06-10T14:59:42		14.12411439 	100.30404280	239.403 	0.555769  	-0.693279 	-100.737440	-92.120154	18.430  	DSC471 	287982435 
472  	2020-06-10T14:59:43		14.12410293 	100.30382508	239.090 	0.383882  	-1.100079 	-103.178240	-93.919242	18.280  	DSC472 	287983736 
473  	2020-06-10T14:59:45		14.12408574 	100.30360163	237.552 	0.979758  	1.610011  	-105.836764	-95.036509	18.350  	DSC473 	287985032 
474  	2020-06-10T14:59:46		14.12406282 	100.30338390	236.230 	3.082513  	3.735685  	-105.389857	-95.368825	18.200  	DSC474 	287986336 
475  	2020-06-10T14:59:47		14.12404563 	100.30316045	236.002 	0.613065  	5.334237  	-104.719496	-95.294340	17.700  	DSC475 	287987657 
476  	2020-06-10T14:59:49		14.12402844 	100.30294273	235.972 	3.580986  	7.522936  	-106.799333	-95.242774	17.630  	DSC476 	287989018 
477  	2020-06-10T14:59:50		14.12401126 	100.30272500	236.657 	2.601228  	5.603527  	-104.736685	-94.119777	17.240  	DSC477 	287990378 
478  	2020-06-10T14:59:51		14.12399407 	100.30250155	236.938 	1.678766  	7.184891  	-108.071299	-94.727112	17.090  	DSC478 	287991754 
479  	2020-06-10T14:59:53		14.12398261 	100.30229528	237.260 	5.150891  	6.354102  	-105.745091	-93.884864	17.140  	DSC479 	287993083 
480  	2020-06-10T14:59:54		14.12397115 	100.30206037	237.318 	0.303668  	6.818198  	-107.423857	-93.225963	17.150  	DSC480 	287994555 
481  	2020-06-10T14:59:55		14.12395396 	100.30184265	236.929 	2.939273  	7.637527  	-108.793226	-94.933377	17.160  	DSC481 	287995958 
482  	2020-06-10T14:59:57		14.12393677 	100.30161919	236.671 	5.007651  	8.090164  	-107.223322	-94.835974	17.180  	DSC482 	287997356 
483  	2020-06-10T14:59:58		14.12391958 	100.30139574	236.707 	3.546609  	8.898035  	-106.169079	-93.185856	17.500  	DSC483 	287998736 
484  	2020-06-10T15:00:00		14.12390812 	100.30117802	237.404 	1.999623  	7.608880  	-105.573203	-93.288988	17.650  	DSC484 	288000090 
485  	2020-06-10T15:00:01		14.12389666 	100.30095456	238.029 	3.850276  	6.852575  	-104.748144	-93.947890	17.930  	DSC485 	288001456 
486  	2020-06-10T15:00:02		14.12387948 	100.30073111	238.297 	3.472124  	4.921707  	-105.326831	-94.028104	18.330  	DSC486 	288002777 
487  	2020-06-10T15:00:04		14.12386229 	100.30050765	238.241 	3.861736  	5.614986  	-103.630876	-93.987997	18.610  	DSC487 	288004072 
488  	2020-06-10T15:00:05		14.12385083 	100.30028993	237.937 	2.733009  	5.448829  	-101.287479	-93.036887	19.080  	DSC488 	288005337 
489  	2020-06-10T15:00:06		14.12383937 	100.30006075	238.171 	0.647442  	4.526367  	-102.513609	-93.690059	19.320  	DSC489 	288006618 
490  	2020-06-10T15:00:07		14.12382791 	100.29986021	237.944 	2.773116  	4.142485  	-105.888330	-94.434904	19.650  	DSC490 	288007734 
491  	2020-06-10T15:00:53		14.12310025 	100.30001491	238.443 	2.979381  	-2.091296 	83.176283 	84.963911 	24.550  	DSC491 	288053443 
492  	2020-06-10T15:00:54		14.12311744 	100.30026128	238.134 	2.916355  	-1.953786 	82.288199 	85.238931 	24.350  	DSC492 	288054518 
493  	2020-06-10T15:00:55		14.12313463 	100.30047328	238.881 	2.612688  	-5.391533 	85.491033 	85.284768 	24.180  	DSC493 	288055477 
494  	2020-06-10T15:00:56		14.12314609 	100.30069673	238.316 	2.859059  	-2.710090 	83.250768 	87.181258 	23.930  	DSC494 	288056478 
495  	2020-06-10T15:00:57		14.12316328 	100.30092018	238.478 	-3.856006 	-4.113837 	77.704536 	85.783241 	24.070  	DSC495 	288057477 
496  	2020-06-10T15:00:58		14.12318047 	100.30113791	238.914 	1.455313  	-5.494665 	80.173984 	84.270633 	23.890  	DSC496 	288058478 
497  	2020-06-10T15:00:59		14.12320339 	100.30136136	238.869 	5.105054  	-5.162350 	80.815697 	85.227472 	23.880  	DSC497 	288059477 
498  	2020-06-10T15:01:00		14.12321484 	100.30157909	239.165 	3.185645  	-5.529043 	80.712565 	85.714486 	24.200  	DSC498 	288060479 
499  	2020-06-10T15:01:01		14.12323203 	100.30180254	239.558 	3.214293  	-7.282294 	83.800807 	85.261849 	24.180  	DSC499 	288061458 
500  	2020-06-10T15:01:02		14.12324922 	100.30202026	239.402 	4.933167  	-6.806739 	86.081179 	85.857726 	24.280  	DSC500 	288062434 
501  	2020-06-10T15:01:03		14.12326641 	100.30224372	238.999 	2.062648  	-6.503071 	84.769106 	86.551005 	24.490  	DSC501 	288063418 
502  	2020-06-10T15:01:04		14.12327787 	100.30246717	238.425 	4.560744  	-6.107730 	81.486058 	86.699974 	24.570  	DSC502 	288064418 
503  	2020-06-10T15:01:05		14.12329506 	100.30268489	238.323 	1.856383  	-7.247916 	84.832131 	87.192717 	24.980  	DSC503 	288065377 
504  	2020-06-10T15:01:06		14.12330079 	100.30290835	237.777 	0.750575  	-5.718119 	83.686216 	87.582329 	25.280  	DSC504 	288066317 
505  	2020-06-10T15:01:07		14.12331225 	100.30313180	236.934 	2.635606  	-6.050434 	82.540300 	86.619759 	25.350  	DSC505 	288067278 
506  	2020-06-10T15:01:08		14.12332944 	100.30334953	235.468 	3.122620  	-3.890383 	84.631596 	87.026560 	25.440  	DSC506 	288068218 
507  	2020-06-10T15:01:09		14.12333517 	100.30357298	234.111 	2.561121  	-3.260130 	84.780565 	87.502114 	25.440  	DSC507 	288069153 
508  	2020-06-10T15:01:10		14.12334662 	100.30379070	233.649 	1.352180  	-1.088620 	82.666351 	87.318768 	25.420  	DSC508 	288070090 
509  	2020-06-10T15:01:11		14.12335808 	100.30401416	233.658 	2.538203  	0.613065  	80.500570 	86.682785 	25.500  	DSC509 	288071029 
510  	2020-06-10T15:01:11		14.12336954 	100.30423761	234.013 	0.011459  	2.148592  	82.683539 	87.192717 	25.580  	DSC510 	288071979 
511  	2020-06-10T15:01:12		14.12338673 	100.30445533	233.505 	-0.051566 	8.342265  	82.786672 	84.981100 	25.420  	DSC511 	288072918 
512  	2020-06-10T15:01:13		14.12340392 	100.30467306	234.130 	4.062271  	6.978626  	79.893235 	85.204554 	25.240  	DSC512 	288073856 
513  	2020-06-10T15:01:14		14.12342111 	100.30489651	235.296 	3.775792  	7.081758  	82.654892 	86.161393 	25.150  	DSC513 	288074818 
514  	2020-06-10T15:01:15		14.12343830 	100.30511997	236.678 	2.698631  	3.603905  	86.063990 	85.324875 	25.220  	DSC514 	288075777 
515  	2020-06-10T15:01:16		14.12345549 	100.30533769	236.939 	1.226130  	6.010327  	80.964666 	85.359252 	25.320  	DSC515 	288076715 
516  	2020-06-10T15:01:17		14.12347268 	100.30555541	236.898 	4.033623  	6.113460  	80.288576 	84.665973 	25.520  	DSC516 	288077656 
517  	2020-06-10T15:01:18		14.12349559 	100.30578460	237.214 	5.196727  	5.987409  	80.196903 	85.428007 	25.520  	DSC517 	288078618 
518  	2020-06-10T15:01:19		14.12351278 	100.30600232	237.246 	5.042029  	6.239510  	79.801562 	86.000965 	25.670  	DSC518 	288079538 
519  	2020-06-10T15:01:20		14.12352424 	100.30622577	237.453 	4.320102  	5.443099  	81.423032 	86.413495 	25.700  	DSC519 	288080477 
520  	2020-06-10T15:01:21		14.12353570 	100.30644923	237.421 	4.469071  	6.422857  	81.514706 	86.974993 	25.770  	DSC520 	288081418 
521  	2020-06-10T15:01:22		14.12354716 	100.30666695	237.909 	3.472124  	4.302913  	82.207984 	87.158340 	25.740  	DSC521 	288082338 
522  	2020-06-10T15:01:23		14.12355862 	100.30688468	237.965 	2.675713  	5.695200  	80.632351 	87.015100 	25.670  	DSC522 	288083257 
523  	2020-06-10T15:01:24		14.12357008 	100.30710240	238.040 	2.114214  	3.947679  	81.440221 	86.711433 	25.660  	DSC523 	288084171 
524  	2020-06-10T15:01:25		14.12358154 	100.30732585	238.118 	2.687172  	4.692524  	79.411950 	86.470790 	25.510  	DSC524 	288085112 
525  	2020-06-10T15:01:26		14.12359873 	100.30754931	237.802 	3.122620  	4.858682  	81.159472 	86.184312 	25.540  	DSC525 	288086052 
526  	2020-06-10T15:01:27		14.12361591 	100.30777276	237.671 	3.500772  	5.242564  	81.233956 	86.224419 	25.400  	DSC526 	288087018 
527  	2020-06-10T15:01:27		14.12362737 	100.30799048	237.945 	3.941950  	3.523690  	83.720593 	86.207230 	25.330  	DSC527 	288087935 
528  	2020-06-10T15:01:28		14.12363883 	100.30820821	238.165 	3.042406  	3.804440  	82.322576 	86.659867 	25.330  	DSC528 	288088878 
529  	2020-06-10T15:01:29		14.12365602 	100.30843166	238.430 	1.953786  	2.710090  	81.153742 	86.321821 	25.270  	DSC529 	288089818 
530  	2020-06-10T15:01:30		14.12366748 	100.30864939	238.272 	2.624147  	2.372045  	80.162525 	85.949399 	25.270  	DSC530 	288090755 
531  	2020-06-10T15:01:31		14.12368467 	100.30886711	238.090 	3.134079  	2.429341  	80.534948 	86.006695 	25.280  	DSC531 	288091695 
532  	2020-06-10T15:01:32		14.12370186 	100.30909629	237.945 	3.305966  	3.351803  	79.692700 	86.132745 	25.280  	DSC532 	288092657 
533  	2020-06-10T15:01:33		14.12371332 	100.30931975	237.973 	2.841871  	1.965245  	80.145336 	85.955128 	25.250  	DSC533 	288093618 
534  	2020-06-10T15:01:34		14.12373051 	100.30953174	237.819 	3.666930  	2.515285  	81.858480 	86.012424 	25.270  	DSC534 	288094537 
535  	2020-06-10T15:01:35		14.12374197 	100.30975519	237.949 	3.374721  	1.466772  	82.614784 	86.235878 	25.190  	DSC535 	288095478 
536  	2020-06-10T15:01:36		14.12375915 	100.30997292	237.714 	3.540879  	2.601228  	82.351224 	86.442143 	25.190  	DSC536 	288096418 
537  	2020-06-10T15:01:37		14.12377061 	100.31019637	237.604 	2.016811  	2.097026  	80.231280 	86.230148 	25.130  	DSC537 	288097377 
538  	2020-06-10T15:01:38		14.12378780 	100.31041982	237.668 	2.251724  	2.498096  	79.406221 	85.748864 	25.080  	DSC538 	288098335 
539  	2020-06-10T15:01:38		14.12379926 	100.31056306	237.740 	0.544310  	2.492366  	81.113635 	85.456655 	25.030  	DSC539 	288098954 
540  	2020-06-10T15:02:26		14.12303150 	100.31068339	237.235 	1.151645  	1.707414  	-107.624392	-94.446363	17.630  	DSC540 	288146960 
541  	2020-06-10T15:02:28		14.12301431 	100.31044847	236.774 	3.128350  	3.495043  	-108.409344	-95.529253	17.580  	DSC541 	288148418 
542  	2020-06-10T15:02:29		14.12299139 	100.31023075	236.804 	4.073730  	3.512231  	-107.796280	-94.973484	17.540  	DSC542 	288149755 
543  	2020-06-10T15:02:31		14.12297993 	100.31000730	236.926 	3.260130  	3.237212  	-107.418127	-93.781732	17.470  	DSC543 	288151117 
544  	2020-06-10T15:02:32		14.12296274 	100.30978957	237.271 	2.847600  	3.563797  	-107.183215	-93.638492	17.180  	DSC544 	288152498 
545  	2020-06-10T15:02:33		14.12295128 	100.30956612	237.318 	2.990840  	4.039352  	-106.879547	-93.558278	17.070  	DSC545 	288153895 
546  	2020-06-10T15:02:35		14.12293982 	100.30934839	237.333 	2.761657  	4.245617  	-105.813846	-93.134290	16.930  	DSC546 	288155294 
547  	2020-06-10T15:02:36		14.12292837 	100.30913067	237.117 	2.503826  	4.033623  	-106.581609	-93.357743	16.880  	DSC547 	288156697 
548  	2020-06-10T15:02:38		14.12291691 	100.30890722	237.239 	2.274642  	4.199781  	-105.653417	-93.449416	16.920  	DSC548 	288158113 
549  	2020-06-10T15:02:39		14.12290545 	100.30868376	237.645 	2.818952  	2.956462  	-106.570150	-93.661411	16.990  	DSC549 	288159517 
550  	2020-06-10T15:02:40		14.12288826 	100.30846604	237.675 	2.521014  	4.027893  	-106.415451	-94.188532	17.100  	DSC550 	288160915 
551  	2020-06-10T15:02:42		14.12287107 	100.30824259	237.661 	3.328885  	3.999245  	-106.839440	-94.555225	17.160  	DSC551 	288162318 
552  	2020-06-10T15:02:43		14.12285388 	100.30801913	237.523 	3.598175  	3.724226  	-105.292454	-94.320312	17.190  	DSC552 	288163717 
553  	2020-06-10T15:02:45		14.12284242 	100.30780141	237.565 	2.727279  	3.076783  	-105.040353	-93.575467	17.070  	DSC553 	288165091 
554  	2020-06-10T15:02:46		14.12283096 	100.30758368	237.861 	3.609634  	3.340344  	-104.266860	-93.460876	16.930  	DSC554 	288166496 
555  	2020-06-10T15:02:47		14.12281950 	100.30736023	237.858 	2.767386  	3.689848  	-104.318426	-93.260340	16.870  	DSC555 	288167916 
556  	2020-06-10T15:02:49		14.12280231 	100.30714251	237.828 	3.798710  	2.589769  	-102.593823	-93.042616	16.900  	DSC556 	288169318 
557  	2020-06-10T15:02:50		14.12279659 	100.30691905	238.028 	0.504203  	2.011082  	-105.773739	-93.449416	16.950  	DSC557 	288170735 
558  	2020-06-10T15:02:52		14.12277940 	100.30670133	237.608 	2.245995  	2.492366  	-108.162973	-95.277152	16.950  	DSC558 	288172133 
559  	2020-06-10T15:02:53		14.12275648 	100.30647788	236.874 	3.878924  	4.709713  	-108.019733	-94.807326	17.100  	DSC559 	288173556 
560  	2020-06-10T15:02:54		14.12274502 	100.30625442	236.087 	3.271589  	7.001544  	-110.672528	-94.578143	17.090  	DSC560 	288174955 
561  	2020-06-10T15:02:56		14.12273356 	100.30603670	236.434 	2.268913  	5.580609  	-107.687418	-92.756137	17.160  	DSC561 	288176354 
562  	2020-06-10T15:02:57		14.12272210 	100.30581324	236.367 	1.678766  	7.333860  	-107.991085	-93.604115	17.370  	DSC562 	288177736 
563  	2020-06-10T15:02:59		14.12270491 	100.30558979	236.804 	4.211240  	7.585961  	-108.363508	-94.142695	17.640  	DSC563 	288179111 
564  	2020-06-10T15:03:00		14.12268772 	100.30537207	237.091 	2.263183  	7.351049  	-109.125542	-94.841704	18.190  	DSC564 	288180455 
565  	2020-06-10T15:03:01		14.12267053 	100.30514861	237.470 	3.632552  	5.339967  	-109.383373	-95.185479	18.470  	DSC565 	288181777 
566  	2020-06-10T15:03:03		14.12265335 	100.30492516	237.765 	4.182592  	6.050434  	-109.320347	-95.030780	18.540  	DSC566 	288183053 
567  	2020-06-10T15:03:04		14.12263616 	100.30470171	238.310 	5.443099  	5.259753  	-108.523936	-93.621304	18.730  	DSC567 	288184358 
568  	2020-06-10T15:03:05		14.12262470 	100.30448398	238.550 	2.022541  	4.188321  	-108.019733	-93.753084	18.730  	DSC568 	288185634 
569  	2020-06-10T15:03:06		14.12260751 	100.30426626	237.647 	1.398017  	5.786874  	-112.139300	-93.982267	18.760  	DSC569 	288186895 
570  	2020-06-10T15:03:08		14.12259605 	100.30404280	237.076 	3.380451  	6.033246  	-111.073598	-93.976538	18.560  	DSC570 	288188174 
571  	2020-06-10T15:03:09		14.12258459 	100.30382508	237.558 	0.137510  	5.047758  	-107.836387	-93.346284	18.460  	DSC571 	288189457 
572  	2020-06-10T15:03:10		14.12256740 	100.30360163	238.172 	3.764333  	4.136755  	-106.570150	-93.959349	18.560  	DSC572 	288190757 
573  	2020-06-10T15:03:12		14.12255594 	100.30337817	237.988 	3.586716  	4.457612  	-106.386803	-93.627033	18.820  	DSC573 	288192032 
574  	2020-06-10T15:03:13		14.12253875 	100.30316045	237.842 	3.025217  	3.231482  	-106.043029	-93.798921	18.920  	DSC574 	288193297 
575  	2020-06-10T15:03:14		14.12252729 	100.30293700	237.802 	3.495043  	4.176862  	-106.816522	-93.443687	18.990  	DSC575 	288194558 
576  	2020-06-10T15:03:15		14.12251011 	100.30271354	238.130 	2.354857  	4.194051  	-107.813468	-94.114047	18.950  	DSC576 	288195818 
577  	2020-06-10T15:03:17		14.12249865 	100.30249582	238.597 	3.305966  	1.816276  	-104.753874	-94.211450	18.890  	DSC577 	288197071 
578  	2020-06-10T15:03:18		14.12248146 	100.30227809	238.980 	2.956462  	-0.103132 	-105.750820	-94.159884	18.720  	DSC578 	288198337 
579  	2020-06-10T15:03:19		14.12247000 	100.30205464	238.823 	2.297561  	-0.429718 	-103.017812	-93.535360	18.700  	DSC579 	288199618 
580  	2020-06-10T15:03:20		14.12245281 	100.30183119	238.377 	1.896490  	0.888085  	-105.813846	-94.532307	18.640  	DSC580 	288200894 
581  	2020-06-10T15:03:22		14.12243562 	100.30161346	237.527 	5.322778  	2.177240  	-103.275643	-94.509388	18.720  	DSC581 	288202151 
582  	2020-06-10T15:03:23		14.12241843 	100.30139001	237.162 	2.939273  	2.893437  	-105.578933	-93.340554	18.880  	DSC582 	288203437 
583  	2020-06-10T15:03:24		14.12240697 	100.30117229	237.184 	2.887707  	1.770440  	-106.020110	-92.962402	18.860  	DSC583 	288204695 
584  	2020-06-10T15:03:25		14.12239551 	100.30094883	237.623 	1.231859  	0.676090  	-107.297806	-93.695788	18.570  	DSC584 	288205956 
585  	2020-06-10T15:03:27		14.12238406 	100.30073111	238.339 	2.750197  	-0.269290 	-107.211863	-94.096859	18.260  	DSC585 	288207256 
586  	2020-06-10T15:03:28		14.12236687 	100.30051338	238.028 	3.174186  	1.375099  	-106.827981	-94.062481	17.970  	DSC586 	288208556 
587  	2020-06-10T15:03:29		14.12235541 	100.30028993	237.018 	1.042783  	3.558068  	-106.260753	-94.366149	17.580  	DSC587 	288209895 
588  	2020-06-10T15:03:31		14.12233822 	100.30007221	236.216 	3.305966  	5.208186  	-108.311942	-95.116724	17.250  	DSC588 	288211276 
589  	2020-06-10T15:04:15		14.12159910 	100.30023836	236.944 	3.603905  	2.079837  	83.812266 	83.164824 	25.500  	DSC589 	288255485 
590  	2020-06-10T15:04:16		14.12162775 	100.30047901	237.252 	3.661200  	1.363640  	83.067421 	83.531517 	25.440  	DSC590 	288256515 
591  	2020-06-10T15:04:17		14.12165067 	100.30069673	237.307 	4.125296  	1.650118  	85.456655 	84.018531 	25.370  	DSC591 	288257454 
592  	2020-06-10T15:04:18		14.12167359 	100.30092591	236.608 	4.199781  	4.858682  	86.058261 	84.539923 	25.270  	DSC592 	288258418 
593  	2020-06-10T15:04:19		14.12169078 	100.30113791	236.347 	4.686795  	5.047758  	85.468114 	85.359252 	25.060  	DSC593 	288259337 
594  	2020-06-10T15:04:20		14.12170797 	100.30136136	236.249 	3.644012  	5.265482  	84.178959 	85.582706 	25.090  	DSC594 	288260296 
595  	2020-06-10T15:04:21		14.12172515 	100.30157909	236.511 	3.174186  	5.935843  	84.431061 	85.393630 	25.000  	DSC595 	288261236 
596  	2020-06-10T15:04:22		14.12174234 	100.30180254	236.825 	5.105054  	5.362885  	83.445573 	85.049855 	25.010  	DSC596 	288262218 
597  	2020-06-10T15:04:23		14.12175953 	100.30202026	236.767 	6.806739  	5.763955  	86.591112 	86.396306 	25.140  	DSC597 	288263152 
598  	2020-06-10T15:04:24		14.12177099 	100.30224372	237.211 	5.236834  	5.529043  	86.969264 	86.986452 	25.140  	DSC598 	288264108 
599  	2020-06-10T15:04:25		14.12178245 	100.30246144	237.341 	3.116890  	5.534772  	87.926103 	87.479196 	25.340  	DSC599 	288265050 
600  	2020-06-10T15:04:26		14.12179391 	100.30269062	237.699 	2.738738  	5.569150  	86.350469 	87.272931 	25.390  	DSC600 	288266018 
601  	2020-06-10T15:04:26		14.12179964 	100.30290835	237.651 	3.025217  	4.732631  	86.350469 	87.158340 	25.560  	DSC601 	288266936 
602  	2020-06-10T15:04:27		14.12181110 	100.30312607	238.691 	1.741792  	1.575634  	83.938317 	87.674002 	25.480  	DSC602 	288267877 
603  	2020-06-10T15:04:28		14.12182256 	100.30334953	239.223 	2.910626  	1.793358  	86.476520 	87.129692 	25.690  	DSC603 	288268818 
604  	2020-06-10T15:04:29		14.12183402 	100.30356725	239.267 	1.736062  	0.148969  	86.012424 	86.528086 	25.660  	DSC604 	288269737 
605  	2020-06-10T15:04:30		14.12184548 	100.30379070	239.184 	2.561121  	0.492744  	86.705703 	86.155664 	25.550  	DSC605 	288270677 
606  	2020-06-10T15:04:31		14.12186266 	100.30401416	238.985 	1.959516  	0.309397  	85.238931 	86.556734 	25.560  	DSC606 	288271618 
607  	2020-06-10T15:04:32		14.12187412 	100.30423188	238.517 	2.561121  	0.326586  	85.273309 	85.542599 	25.460  	DSC607 	288272539 
608  	2020-06-10T15:04:33		14.12189131 	100.30444960	237.553 	5.059217  	2.228806  	88.034965 	86.012424 	25.410  	DSC608 	288273477 
609  	2020-06-10T15:04:34		14.12190850 	100.30467879	237.219 	3.752874  	2.091296  	85.714486 	86.837483 	25.370  	DSC609 	288274437 
610  	2020-06-10T15:04:35		14.12191996 	100.30489651	237.476 	2.584040  	1.019865  	85.949399 	86.923427 	25.440  	DSC610 	288275377 
611  	2020-06-10T15:04:36		14.12193142 	100.30511424	237.476 	1.415206  	0.670361  	86.063990 	86.505168 	25.560  	DSC611 	288276298 
612  	2020-06-10T15:04:37		14.12194288 	100.30533769	237.269 	2.034000  	2.423611  	84.992559 	85.915021 	25.670  	DSC612 	288277236 
613  	2020-06-10T15:04:38		14.12196007 	100.30556114	237.038 	2.492366  	2.234535  	83.353900 	85.748864 	25.870  	DSC613 	288278172 
614  	2020-06-10T15:04:39		14.12197726 	100.30578460	236.943 	3.798710  	3.540879  	84.018531 	85.605624 	25.980  	DSC614 	288279090 
615  	2020-06-10T15:04:40		14.12199444 	100.30600232	236.962 	3.552338  	2.223076  	84.350847 	85.909292 	26.110  	DSC615 	288280018 
616  	2020-06-10T15:04:40		14.12201163 	100.30622577	236.893 	3.523690  	3.374721  	84.998289 	86.098368 	26.170  	DSC616 	288280937 
617  	2020-06-10T15:04:41		14.12202309 	100.30644350	236.579 	4.108107  	4.033623  	84.110204 	86.636948 	26.290  	DSC617 	288281835 
618  	2020-06-10T15:04:42		14.12203455 	100.30666695	236.597 	1.690225  	5.076406  	83.296604 	86.258796 	26.180  	DSC618 	288282757 
619  	2020-06-10T15:04:43		14.12205174 	100.30688468	236.633 	2.755927  	5.534772  	83.737782 	85.886373 	26.180  	DSC619 	288283657 
620  	2020-06-10T15:04:44		14.12206893 	100.30710813	236.981 	3.363262  	5.935843  	83.101799 	85.840537 	26.050  	DSC620 	288284577 
621  	2020-06-10T15:04:45		14.12208039 	100.30732585	237.112 	3.483583  	5.947302  	83.330982 	85.863455 	26.070  	DSC621 	288285495 
622  	2020-06-10T15:04:46		14.12209758 	100.30754931	237.830 	3.626823  	4.136755  	83.565894 	86.201500 	25.890  	DSC622 	288286419 
623  	2020-06-10T15:04:47		14.12210904 	100.30776703	238.252 	3.048135  	3.242941  	83.691945 	86.247337 	26.040  	DSC623 	288287337 
624  	2020-06-10T15:04:48		14.12212622 	100.30799048	238.666 	3.030947  	2.177240  	83.210661 	86.201500 	26.120  	DSC624 	288288255 
625  	2020-06-10T15:04:49		14.12214341 	100.30821394	238.529 	2.085566  	1.483961  	83.204931 	86.052531 	26.270  	DSC625 	288289173 
626  	2020-06-10T15:04:50		14.12215487 	100.30843166	238.409 	4.875871  	2.629876  	82.906993 	85.851996 	26.270  	DSC626 	288290074 
627  	2020-06-10T15:04:51		14.12217206 	100.30866084	237.675 	3.815899  	3.626823  	84.156041 	86.253066 	26.430  	DSC627 	288291018 
628  	2020-06-10T15:04:51		14.12218352 	100.30887284	237.573 	4.675336  	3.294507  	86.316092 	86.384847 	26.270  	DSC628 	288291895 
629  	2020-06-10T15:04:52		14.12220071 	100.30909629	237.270 	2.681442  	3.609634  	84.969641 	86.591112 	26.130  	DSC629 	288292818 
630  	2020-06-10T15:04:53		14.12221217 	100.30931402	237.298 	2.859059  	3.071054  	85.353523 	86.539545 	25.950  	DSC630 	288293717 
631  	2020-06-10T15:04:54		14.12222363 	100.30953747	237.552 	2.704361  	3.827358  	87.089585 	86.768728 	26.070  	DSC631 	288294635 
632  	2020-06-10T15:04:55		14.12223509 	100.30975519	238.478 	2.457989  	1.065701  	89.392875 	87.238554 	26.000  	DSC632 	288295556 
633  	2020-06-10T15:04:56		14.12224655 	100.30997865	238.763 	0.853707  	0.721927  	85.330604 	86.682785 	26.160  	DSC633 	288296479 
634  	2020-06-10T15:04:57		14.12225800 	100.31019637	238.811 	1.867842  	-0.630254 	84.241985 	85.960858 	26.270  	DSC634 	288297378 
635  	2020-06-10T15:04:58		14.12227519 	100.31041982	239.050 	2.561121  	-2.268913 	81.835562 	85.697297 	26.350  	DSC635 	288298294 
636  	2020-06-10T15:04:59		14.12229238 	100.31064901	239.281 	2.435071  	-2.503826 	80.512029 	85.720216 	26.580  	DSC636 	288299218 
637  	2020-06-10T15:05:44		14.12153608 	100.31090684	237.119 	4.681065  	-2.182969 	-108.839063	-93.604115	17.160  	DSC637 	288344831 
638  	2020-06-10T15:05:46		14.12152462 	100.31067193	236.313 	3.368992  	1.655848  	-103.871519	-92.160261	17.320  	DSC638 	288346317 
639  	2020-06-10T15:05:47		14.12151889 	100.31044847	236.203 	-0.469825 	2.612688  	-106.719119	-92.349337	17.310  	DSC639 	288347697 
640  	2020-06-10T15:05:49		14.12150743 	100.31022502	236.331 	0.956840  	2.847600  	-110.328753	-94.469281	16.960  	DSC640 	288349093 
641  	2020-06-10T15:05:50		14.12148451 	100.31001302	236.009 	0.183346  	4.555014  	-112.620584	-95.941783	16.720  	DSC641 	288350498 
642  	2020-06-10T15:05:51		14.12146159 	100.30978957	236.862 	4.612310  	3.334614  	-112.225243	-96.188155	16.500  	DSC642 	288351937 
643  	2020-06-10T15:05:53		14.12144440 	100.30956612	237.642 	4.600851  	1.569904  	-108.025463	-94.028104	16.490  	DSC643 	288353418 
644  	2020-06-10T15:05:54		14.12143295 	100.30934839	238.082 	3.729955  	1.661578  	-110.575125	-93.627033	16.540  	DSC644 	288354836 
645  	2020-06-10T15:05:56		14.12142149 	100.30913067	237.754 	2.967921  	1.736062  	-110.174054	-93.690059	16.890  	DSC645 	288356277 
646  	2020-06-10T15:05:57		14.12140430 	100.30890722	237.383 	3.919031  	1.621471  	-108.036922	-93.369202	17.110  	DSC646 	288357696 
647  	2020-06-10T15:05:59		14.12139857 	100.30868376	237.028 	1.925138  	3.048135  	-108.311942	-92.790515	17.340  	DSC647 	288359093 
648  	2020-06-10T15:06:00		14.12138711 	100.30846031	236.946 	2.503826  	2.280372  	-107.429587	-93.397850	17.370  	DSC648 	288360477 
649  	2020-06-10T15:06:01		14.12136992 	100.30824259	237.095 	4.194051  	3.076783  	-106.381074	-93.741625	17.380  	DSC649 	288361856 
650  	2020-06-10T15:06:03		14.12135846 	100.30801913	237.258 	0.601606  	4.131026  	-106.266482	-93.443687	17.510  	DSC650 	288363218 
651  	2020-06-10T15:06:04		14.12134127 	100.30779568	237.032 	2.263183  	4.841493  	-109.538071	-95.523524	17.540  	DSC651 	288364618 
652  	2020-06-10T15:06:05		14.12132408 	100.30757795	237.019 	4.457612  	5.064947  	-108.558313	-94.045292	17.770  	DSC652 	288365956 
653  	2020-06-10T15:06:07		14.12130689 	100.30735450	237.238 	4.457612  	3.838817  	-106.604527	-93.907783	17.870  	DSC653 	288367295 
654  	2020-06-10T15:06:08		14.12129544 	100.30713678	237.428 	2.429341  	4.228429  	-111.199649	-93.913512	18.110  	DSC654 	288368635 
655  	2020-06-10T15:06:09		14.12127825 	100.30691332	237.329 	4.812845  	4.801386  	-108.907818	-93.695788	18.210  	DSC655 	288369957 
656  	2020-06-10T15:06:11		14.12126679 	100.30669560	237.165 	4.039352  	5.998868  	-108.392156	-92.962402	18.310  	DSC656 	288371257 
657  	2020-06-10T15:06:12		14.12125533 	100.30647215	237.417 	0.699009  	4.852953  	-106.982680	-93.300447	18.200  	DSC657 	288372578 
658  	2020-06-10T15:06:13		14.12124387 	100.30625442	238.573 	3.512231  	3.030947  	-111.262674	-94.813056	18.060  	DSC658 	288373877 
659  	2020-06-10T15:06:15		14.12122668 	100.30602524	238.310 	4.658147  	3.987786  	-106.541502	-93.197315	18.370  	DSC659 	288375218 
660  	2020-06-10T15:06:16		14.12121522 	100.30581897	238.726 	2.182969  	1.380828  	-109.137001	-93.180126	18.540  	DSC660 	288376418 
661  	2020-06-10T15:06:17		14.12120376 	100.30559552	239.319 	2.916355  	-1.403747 	-108.495288	-94.291664	18.700  	DSC661 	288377741 
662  	2020-06-10T15:06:19		14.12118657 	100.30536634	239.410 	4.050812  	-2.561121 	-107.005598	-93.357743	19.020  	DSC662 	288379050 
663  	2020-06-10T15:06:20		14.12117511 	100.30514288	238.283 	0.378152  	0.160428  	-109.732877	-93.632763	19.090  	DSC663 	288380298 
664  	2020-06-10T15:06:21		14.12115793 	100.30491943	237.371 	1.753251  	0.504203  	-109.366184	-94.389067	18.990  	DSC664 	288381558 
665  	2020-06-10T15:06:22		14.12114074 	100.30470171	237.077 	3.615364  	0.807870  	-108.449451	-94.623980	18.830  	DSC665 	288382818 
666  	2020-06-10T15:06:24		14.12112928 	100.30448398	237.221 	2.251724  	0.870896  	-107.034246	-93.329095	18.660  	DSC666 	288384071 
667  	2020-06-10T15:06:25		14.12111209 	100.30426053	237.211 	1.627200  	2.125673  	-108.334860	-93.592656	18.400  	DSC667 	288385377 
668  	2020-06-10T15:06:26		14.12110063 	100.30405426	237.458 	1.982434  	1.650118  	-111.319970	-94.967755	18.080  	DSC668 	288386618 
669  	2020-06-10T15:06:28		14.12107771 	100.30381935	237.429 	5.070676  	1.862113  	-108.965113	-94.944836	17.800  	DSC669 	288388018 
670  	2020-06-10T15:06:29		14.12106625 	100.30360163	237.672 	4.801386  	0.945380  	-105.716443	-93.048346	17.680  	DSC670 	288389358 
671  	2020-06-10T15:06:30		14.12105479 	100.30339536	237.798 	1.575634  	1.334992  	-106.810792	-92.670194	17.430  	DSC671 	288390628 
672  	2020-06-10T15:06:32		14.12104333 	100.30317191	237.173 	2.555392  	3.489313  	-105.836764	-94.274476	17.380  	DSC672 	288392018 
673  	2020-06-10T15:06:33		14.12102615 	100.30294273	236.967 	2.091296  	3.311696  	-105.945626	-94.434904	17.370  	DSC673 	288393455 
674  	2020-06-10T15:06:34		14.12100896 	100.30271927	237.181 	3.197104  	2.125673  	-105.212240	-94.612521	17.340  	DSC674 	288394835 
675  	2020-06-10T15:06:36		14.12099177 	100.30249582	236.708 	3.208564  	4.703983  	-106.684741	-93.816109	17.450  	DSC675 	288396218 
676  	2020-06-10T15:06:37		14.12097458 	100.30227236	236.588 	0.699009  	5.414451  	-107.234781	-94.767219	17.210  	DSC676 	288397618 
677  	2020-06-10T15:06:38		14.12095739 	100.30206037	237.300 	3.386181  	4.411775  	-109.171378	-95.242774	17.080  	DSC677 	288398979 
678  	2020-06-10T15:06:40		14.12094020 	100.30183692	238.550 	5.087865  	1.787628  	-105.962815	-94.114047	16.990  	DSC678 	288400378 
679  	2020-06-10T15:06:41		14.12092874 	100.30161919	237.990 	2.406423  	2.492366  	-105.172133	-93.134290	17.120  	DSC679 	288401777 
680  	2020-06-10T15:06:43		14.12091728 	100.30139574	237.398 	2.773116  	3.833088  	-105.487260	-93.718707	17.030  	DSC680 	288403172 
681  	2020-06-10T15:06:44		14.12090009 	100.30117229	237.592 	2.698631  	3.403369  	-105.624770	-94.217180	17.140  	DSC681 	288404618 
682  	2020-06-10T15:06:45		14.12088291 	100.30095456	237.865 	2.956462  	1.781899  	-105.676336	-93.902053	17.380  	DSC682 	288405979 
683  	2020-06-10T15:06:47		14.12087145 	100.30073111	238.126 	3.729955  	0.343775  	-105.086189	-93.861946	17.540  	DSC683 	288407355 
684  	2020-06-10T15:06:48		14.12085426 	100.30051338	238.311 	3.752874  	0.177617  	-104.329885	-93.976538	17.600  	DSC684 	288408717 
685  	2020-06-10T15:06:50		14.12084280 	100.30028993	238.190 	1.300614  	1.117268  	-106.919654	-94.028104	17.750  	DSC685 	288410072 
